CELL_PARAMETERS angstrom
20.5103055801585690  0.0000000000000000  0.0947411230257034
0.0000000000000000  20.8609171474630628  0.0000000000000000
-3.6106018498087891  0.0000000000000000  20.8585173496099259

ATOMIC_POSITIONS angstrom
Zr    -438553.8085569170070812  -543280.1570566503796726  286518.7324757020687684
Zr    -438553.6715919439448044  -543279.3267175994114950  286519.9923683391534723
Zr    -438552.4253739102277905  -543280.9669509121449664  286518.4862821020651609
Zr    -438553.2039323957869783  -543279.7152609768090770  286519.3518590038293041
O    -438553.7246996372705325  -543281.1003327894723043  286519.4460569333168678
O    -438551.8833899346645921  -543279.6691726478748024  286520.2181734442128800
O    -438552.9153810052084737  -543279.9667759238509461  286519.9017995921894908
O    -438553.8298972995835356  -543279.3117454294115305  286520.5524632330052555
O    -438553.6530760856694542  -543278.5242873656097800  286519.8508576890453696
O    -438553.1491298361797817  -543279.7353631139267236  286519.1451069535687566
O    -438554.7287024633260444  -543279.4164944861549884  286517.3463862776989117
O    -438552.4252539410372265  -543277.7618642989546061  286518.3602387096034363
Zr    22257.1014441516781517  -650241.3606646878179163  -26906.0152561204085941
Zr    22257.0441324138373602  -650243.0055896948324516  -26905.8007269403024111
Zr    22258.0425145688495832  -650241.3653440299676731  -26906.0735193407163024
Zr    22256.9727640528544725  -650243.3261944870464504  -26905.6063747328880709
O    22258.1805373011593474  -650242.4535387015203014  -26904.7284228362404974
O    22257.1355835610011127  -650241.4627714984817430  -26905.0141171101058717
O    22256.0989416672418884  -650243.4634105359436944  -26905.1526711113401689
O    22255.9812246846631751  -650242.2025339696556330  -26907.0617591833251936
O    22255.9795666368299862  -650243.1651635185116902  -26904.7029271949395479
O    22257.1643308968232304  -650241.6370543671073392  -26907.7109979786182521
O    22256.2664008253232168  -650242.3247860802803189  -26904.9880551620990445
O    22256.5990646247191762  -650242.4723951736232266  -26905.8061458257107006
Zr    676737.4450210299110040  440318.2365866000181995  -1065226.1535655560437590
Zr    676737.3888753172941506  440316.4436752681504004  -1065225.6138304048217833
Zr    676738.2783565173158422  440317.0551421759300865  -1065223.6723379830364138
Zr    676736.9845212773652747  440315.6020056497654878  -1065223.2785678829532117
O    676738.2684002652531490  440316.5444590007537045  -1065224.8622222607955337
O    676736.7680253679864109  440318.6170989921665750  -1065223.7402769080363214
O    676736.8736491168383509  440317.6764198067248799  -1065224.7117512451950461
O    676739.0556349949911237  440317.8897687399294227  -1065226.2697431254200637
O    676738.2167851589620113  440315.9903593563358299  -1065224.5667098001576960
O    676738.4614327251911163  440318.4773078048601747  -1065226.0914669069461524
O    676737.3789330939762294  440317.0328712803893723  -1065223.4528155915904790
O    676738.8174635206814855  440319.0274350806721486  -1065224.4197965955827385
Zr    463511.2382516822544858  -178955.2386802289693151  178243.2662837977986783
Zr    463508.8697193315019831  -178954.8631244169082493  178242.7528358606796246
Zr    463509.5714658629731275  -178956.1799223492853343  178243.9568889268266503
Zr    463510.1420496271457523  -178955.4577892833040096  178244.1051004758337513
O    463509.7799778621410951  -178957.4359932947554626  178245.6053445042634849
O    463508.8390842524240725  -178954.2325776982470416  178245.1489292930345982
O    463509.3122055347193964  -178955.0814031740592327  178243.6827408762765117
O    463510.1955633623874746  -178954.9351887204975355  178244.6516706343390979
O    463511.3387279438902624  -178955.4407555891084485  178244.3290111416135915
O    463509.9753877725452185  -178954.6960717674228363  178242.8283905186690390
O    463511.8166084989206865  -178957.3723375372355804  178243.0338999538507778
O    463511.7804166441201232  -178952.4785825699509587  178242.6610603693115991
Zr    -512571.4562084836070426  129374.9653731541766319  236796.2457425185421016
Zr    -512572.0077586403349414  129374.2109303694160189  236797.7854101595003158
Zr    -512571.6212766557000577  129374.5757535106240539  236798.6218324470683001
Zr    -512572.5869720847695135  129373.6271137213188922  236798.6442055317165796
O    -512569.3682201224146411  129375.5753560735611245  236796.3164838060038164
O    -512571.1003470123396255  129373.7991874495201046  236797.0894469305349048
O    -512571.5417135089519434  129375.7681533863360528  236799.7163575765735004
O    -512570.8486230360576883  129373.6591061811486725  236797.9453464131802320
O    -512571.5873199080233462  129373.5042333713790867  236799.8430581224092748
O    -512571.8733834618469700  129375.2405696574714966  236797.4545834437885787
O    -512571.2502878952655010  129373.9897785898501752  236796.5295988484285772
O    -512572.6481734273256734  129374.3573067960096523  236797.7665487064223271
Zr    -465624.6382878926815465  -712231.6612378138815984  244633.5667714982409962
Zr    -465624.7135533214895986  -712233.0207340132910758  244633.3620963714784011
Zr    -465623.5678335575503297  -712232.6237108538625762  244632.8932650099159218
Zr    -465624.0254204328521155  -712233.3655616050818935  244632.8955785761645529
O    -465622.3470888900337741  -712232.5920736328698695  244634.1441139762755483
O    -465622.4074233479332179  -712234.8326577713014558  244633.1974705856700893
O    -465622.6275483276695013  -712232.3378507661400363  244632.8263756892993115
O    -465624.3651756216422655  -712232.0363139602122828  244633.3648837234650273
O    -465624.3231506598531269  -712232.2022322170669213  244632.9946945208939724
O    -465624.4993264629156329  -712231.1116276293760166  244633.7322774087078869
O    -465623.6363619702169672  -712233.5754664815030992  244632.9304350971651729
O    -465626.6989045157679357  -712234.1004085732856765  244633.1595815146283712
Zr    -1000737.7075325532350689  262403.6767393534537405  382338.1776271374546923
Zr    -1000736.3837367546511814  262404.3762093886034563  382339.6583607988432050
Zr    -1000736.9344464583555236  262403.9595868703327142  382339.5037896408466622
Zr    -1000736.6019351964350790  262403.5598006050568074  382339.1577621902106330
O    -1000736.1384909099433571  262405.6424628205131739  382336.4341611591516994
O    -1000734.9750892299925908  262401.8092639211681671  382336.9477189243771136
O    -1000737.6445697569288313  262403.0354092573397793  382338.7044014852144755
O    -1000736.6024027689127252  262404.5577503029489890  382339.4340241460013203
O    -1000735.5027939093997702  262403.0409665876650251  382339.4103209063760005
O    -1000737.6829526801593602  262404.3963836324401200  382339.2689861184917390
O    -1000739.2071677473140880  262405.4119844313827343  382340.1518656536354683
O    -1000738.6418876992538571  262401.1013431076426059  382342.1015080322977155
Zr    -644222.1057954030111432  227885.6283027903118636  -181982.7953121892351191
Zr    -644222.3998892521485686  227883.0055009008210618  -181982.2824280950298999
Zr    -644220.8042377592064440  227884.2986755231395364  -181982.5849716815282591
Zr    -644221.1567809329135343  227882.1593025046749972  -181982.5272974796534982
O    -644221.8915020580170676  227882.9118870447564404  -181982.7524020818818826
O    -644222.4126852930057794  227884.1855862179654650  -181980.9123462397255935
O    -644221.6655034141149372  227884.0796657937462442  -181982.2609467837901320
O    -644222.6872477883007377  227885.2758069763658568  -181983.0128991047677118
O    -644221.3190893692662939  227884.4673968626011629  -181983.5047720938746352
O    -644220.4109783640597016  227884.1275189195002895  -181983.3925522750650998
O    -644223.2930562377441674  227885.5574267022020649  -181981.5960852000571322
O    -644222.0198054402135313  227882.9437997434579302  -181982.7651923738594633
Zr    254676.2904832004860509  -178695.6461382603447419  759242.6125671685440466
Zr    254675.0525932631862815  -178695.4942594893218484  759242.8468053679680452
Zr    254676.5020242617174517  -178696.7341703548736405  759243.1331592425704002
Zr    254674.4140377897128928  -178696.8731013991346117  759244.1790989828296006
O    254675.3289119865803514  -178696.7504154140769970  759242.1606938844779506
O    254676.1231416391383391  -178697.3348536121775396  759243.1046129243914038
O    254673.8133526284364052  -178695.5754898528102785  759245.0755574731156230
O    254674.9574017243576236  -178697.9684297023050021  759242.9430108595406637
O    254674.7553629393223673  -178697.0551111943495926  759243.7154738270910457
O    254674.9720077521633357  -178696.4031345585244708  759243.2878797729499638
O    254674.9412049406964798  -178696.4395109080651309  759241.6974599271779880
O    254673.1171542991069146  -178696.4349752980924677  759243.1685610467102379
Zr    1234854.9721127948723733  -297377.7776646665879525  47111.0743818644477869
Zr    1234853.5298021011985838  -297378.3059625217574649  47110.4648103689542040
Zr    1234854.1108685513027012  -297379.5377158469054848  47110.3373454442189541
Zr    1234856.3378845213446766  -297379.4763627034844831  47111.7829252171286498
O    1234854.2512450872454792  -297380.6060078018927015  47110.9851818640818237
O    1234854.6172022195532918  -297379.7264309753081761  47109.4913691327164997
O    1234854.8029925443697721  -297377.9896773243672214  47111.4511818830214906
O    1234855.4349094768986106  -297376.9898605630733073  47109.9445763756593806
O    1234854.5187782300636172  -297378.5708347873878665  47111.4410773106937995
O    1234854.9438811787404120  -297378.6003567652660422  47109.8634710242913570
O    1234854.7992349585983902  -297379.2637867591693066  47108.8465426261391258
O    1234855.1163582431618124  -297377.4805756671703421  47111.1304541509161936
Zr    94982.2326950812712312  143826.7733729698811658  -562021.5634032388916239
Zr    94981.9870429861330194  143826.3484442559129093  -562020.4995210473425686
Zr    94983.1754119430843275  143827.0853397928876802  -562020.0780368963023648
Zr    94981.9868957336875610  143826.5636273659183644  -562020.5287724933587015
O    94982.4721211845171638  143826.3130930514016654  -562020.1419825508492067
O    94983.3274419905210380  143825.3716357388766482  -562021.1124440926359966
O    94982.0354890062008053  143825.8723574231262319  -562021.5976757385069504
O    94981.7239601071196375  143827.5266021350689698  -562020.6118124870117754
O    94982.8694778848584974  143826.7956482767185662  -562022.0795824385713786
O    94982.8612290551827755  143825.8248883216292597  -562020.1239004132803530
O    94981.3319601530383807  143828.3146040335414000  -562020.2066306056221947
O    94982.1583542690495960  143826.1984732280252501  -562019.1466757368762046
Zr    -175315.9105382408597507  -1131638.3081469081807882  566981.0365952113643289
Zr    -175315.2765698498697020  -1131638.7392121746670455  566981.1178964703576639
Zr    -175316.2554751633724663  -1131639.2842956804670393  566981.2894937469391152
Zr    -175314.7457339816610329  -1131639.7099689168389887  566980.8776162109570578
O    -175315.4512961482396349  -1131638.9273967817425728  566981.2639773725531995
O    -175315.5924928212480154  -1131638.6804464336019009  566980.8477950601372868
O    -175314.5748020311293658  -1131638.8945616604760289  566980.1214917375473306
O    -175315.2703729474742431  -1131638.9396215667948127  566981.3964087511412799
O    -175314.9866676476958673  -1131640.0831872641574591  566980.8621129990788177
O    -175315.7371222645742819  -1131638.5405710546765476  566979.8422694661421701
O    -175314.4614955928700510  -1131639.0048869124148041  566980.7604964808560908
O    -175315.4046109865303151  -1131638.3266163605730981  566980.6185239538317546
Zr    303668.3415883048437536  -132378.5573713708436117  724812.0578386033885181
Zr    303668.2117826323374175  -132378.6220232308260165  724812.7186271004611626
Zr    303667.7364141792058945  -132379.2244141067203600  724810.9856092588743195
Zr    303668.6130380496615544  -132378.7172935217386112  724811.7763655168237165
O    303668.4130258682998829  -132378.3844287344545592  724811.8684623499866575
O    303669.3799159455811605  -132378.9658037924964447  724812.1952487683156505
O    303667.2748647041153163  -132379.4766495030489750  724813.0795589964836836
O    303669.8932966377469711  -132379.4988911875989288  724812.0067533697001636
O    303668.9703634469187818  -132381.2341376469412353  724813.0684034217847511
O    303668.2833035889198072  -132378.2888683121418580  724811.8174074247945100
O    303668.3962298913975246  -132379.8955323136469815  724811.6232326555764303
O    303667.7897451404714957  -132378.5031235894712154  724812.2500132622662932
Zr    443103.3631670795148239  -86744.7465355767053552  690913.9234607340767980
Zr    443102.7815668895491399  -86745.0061266277189134  690912.5632114312611520
Zr    443102.5586755183176138  -86743.7855625784723088  690912.5312244285596535
Zr    443103.5018524717888795  -86744.3798562080191914  690914.5901693832129240
O    443102.4280062284087762  -86745.7048330653051380  690915.9141592681407928
O    443100.6302284811390564  -86741.5242013333045179  690915.7681955710286275
O    443102.0996592380106449  -86745.1315216426592087  690912.6316315014846623
O    443101.9638464657473378  -86744.2139932899444830  690911.2112709758803248
O    443101.7218112811679021  -86745.4447665021580178  690913.5643173872958869
O    443101.1830658680410124  -86744.8765785299037816  690912.2810748734045774
O    443101.7777693541138433  -86744.9210690605686978  690911.6588266221806407
O    443103.3996408345410600  -86742.8488511659379583  690912.5315362035762519
Zr    63947.0236972819911898  -740481.9862949383677915  -1075240.0988333739805967
Zr    63945.8124560062060482  -740481.3391118167201057  -1075239.7165064618457109
Zr    63947.3767293805576628  -740483.4024246492190287  -1075241.0346250564325601
Zr    63945.2289704147988232  -740482.8893833440961316  -1075239.8784726427402347
O    63948.0355219393240986  -740482.6066600842168555  -1075240.5304936340544373
O    63945.1750543466550880  -740481.9082044054521248  -1075239.0414963858202100
O    63945.1647634208202362  -740482.3644948605215177  -1075240.4262014455161989
O    63945.3487058546525077  -740481.7934285370865837  -1075240.1465132653247565
O    63945.9814834219359909  -740482.3987554418854415  -1075240.7189601194113493
O    63947.0307679424076923  -740482.1604406789410859  -1075240.6747876764275134
O    63945.3363929764891509  -740481.6892677246360108  -1075240.9002913818694651
O    63946.8811759762320435  -740481.0564277130179107  -1075240.0688190709333867
Zr    379221.3197580834967084  448831.2170282076112926  -741218.6323929708451033
Zr    379220.9147411937592551  448829.2648114564362913  -741217.0384646079037338
Zr    379221.4418309221509844  448830.4801290980540216  -741217.0902833552099764
Zr    379220.5869462218252011  448828.2620349022326991  -741217.6522296048933640
O    379219.4917191470740363  448827.9149815177661367  -741216.4492647226434201
O    379219.8306545451050624  448830.2687307394808158  -741216.0209694924997166
O    379220.9772918228409253  448829.6220853321719915  -741215.7747639693552628
O    379221.8560705683194101  448830.0149160311557353  -741218.1516147701768205
O    379219.4716609961469658  448829.8465483319596387  -741216.9520800624741241
O    379220.7530513086239807  448829.9234354286454618  -741218.0835922440746799
O    379221.8579746143659577  448828.5251624354859814  -741218.4684588600648567
O    379221.6634799544117413  448830.9417093988740817  -741219.2702760339016095
Zr    -590391.8031982287066057  -470185.4079405690426938  -153107.0960082890233025
Zr    -590391.2184126605279744  -470184.3492793574696407  -153106.8109995006816462
Zr    -590391.9274108352838084  -470184.4460881034610793  -153107.1213697741623037
Zr    -590391.6208673586370423  -470185.2319590068655089  -153106.1286947522894479
O    -590391.3621903231833130  -470184.4957730247406289  -153106.3379212251747958
O    -590389.2894277404993773  -470186.5588031227816828  -153107.3825681291345973
O    -590392.3207094587851316  -470184.5602769353426993  -153106.3335542186105158
O    -590391.0318766069831327  -470185.5345680319005623  -153106.4261470354394987
O    -590391.7950738277286291  -470185.4136207963456400  -153106.2755940679635387
O    -590391.1588426128728315  -470183.7832378770690411  -153107.2314661124837585
O    -590394.6805543854134157  -470183.6638158851419576  -153105.8186734538176097
O    -590393.1137435637647286  -470185.0890651083318517  -153105.3860979296732694
Zr    435899.4975002463324927  24477.6119621014695440  254080.9811773673573043
Zr    435900.1213202158687636  24478.9071559897856787  254081.3246723502234090
Zr    435900.5419290048885159  24477.4544500309057184  254081.6571210058755241
Zr    435899.4865381339332089  24477.3688283520677942  254081.9084962139313575
O    435900.2931703069480136  24476.8345986886524770  254080.9370280848233961
O    435900.9254534611827694  24476.9630162866124010  254080.3341874285542872
O    435898.9896896493737586  24477.4465887103651767  254082.5557612127449829
O    435900.9860192845808342  24479.5758102378349577  254081.9166520290600602
O    435900.9464356974931434  24480.0823860118725861  254081.2704069825413171
O    435900.1349642598070204  24478.4837753997053369  254081.3600578366604168
O    435900.1723275335389189  24478.0770313380126026  254081.5953122646315023
O    435899.0395748328883201  24478.3743516806534899  254082.0875883010448888
Zr    612390.2900871427264065  -506040.8988738535554148  -73933.5622305006691022
Zr    612389.4733776495559141  -506041.1865345502155833  -73932.4349092185002519
Zr    612390.4219216904602945  -506041.8451496106572449  -73931.6677188343455782
Zr    612390.3708169691963121  -506042.1753903051139787  -73931.7700725760369096
O    612390.6592335051391274  -506041.7081719747511670  -73931.0877903070504544
O    612391.2151109634432942  -506043.3647808075766079  -73932.9581352703680750
O    612389.7320693107321858  -506041.3218220911221579  -73931.9574511300015729
O    612390.0463893768610433  -506041.8901467971736565  -73932.0615802075481042
O    612389.5438190011773258  -506043.6189324649167247  -73932.3314530346688116
O    612389.7506508711958304  -506040.1890465486212634  -73933.5947716903901892
O    612388.8989690190646797  -506039.8213006104924716  -73932.3069834573398111
O    612388.9122434832388535  -506041.6665444754762575  -73932.1668734112317907
Zr    -271709.6966322915977798  -302820.9665639321319759  -716549.4021871726727113
Zr    -271710.2472730059525929  -302822.7908393948455341  -716549.5179535608040169
Zr    -271708.8194131681811996  -302822.6429633572115563  -716549.3247938327258453
Zr    -271710.1230765660293400  -302823.5906505003804341  -716549.5029381130589172
O    -271710.3799402484437451  -302822.5893608320620842  -716549.7514231165405363
O    -271709.8379464977188036  -302822.3264545412966982  -716548.8006778256967664
O    -271710.3881778405047953  -302822.5441502442699857  -716549.3881579231237993
O    -271710.1196533096372150  -302821.9610620072926395  -716551.0994146292796358
O    -271711.1668813157011755  -302821.8473981440765783  -716548.7494778706459329
O    -271709.8883306595962495  -302821.4916127156466246  -716550.1253225498367101
O    -271710.3937574502197094  -302820.9901903182035312  -716549.1086139330873266
O    -271710.6053547504707240  -302821.3515587962465361  -716549.0695033570518717
Zr    -126409.6551069516572170  -996068.0187572120921686  -143224.8926270795345772
Zr    -126409.2551098659751005  -996068.3155462410068139  -143224.4388723332958762
Zr    -126409.1413552757294383  -996068.6879734797403216  -143225.0994731658429373
Zr    -126409.8410984383517643  -996069.0122724837856367  -143224.5783022661344148
O    -126408.8825337413290981  -996069.1823881118325517  -143225.5809974666044582
O    -126409.2492938114737626  -996068.2368689166614786  -143225.8443202201451641
O    -126410.3358651978051057  -996069.4276322218356654  -143224.6852017813362181
O    -126407.5804934073385084  -996069.0431039631366730  -143225.3303613126336131
O    -126410.4648241006798344  -996068.4736574356211349  -143226.5096940295479726
O    -126407.6666438532702159  -996069.1068856072379276  -143225.5902319046144839
O    -126407.5136821050691651  -996069.7998359265038744  -143225.0195773430459667
O    -126410.0257524421176640  -996068.7093263802817091  -143223.8737474783847574
Zr    97478.5357862793171080  321501.9412378903361969  -379565.2424397888244130
Zr    97478.6314226777467411  321500.5668440611334518  -379565.2613928042701446
Zr    97478.2071699188818457  321500.5750359829980880  -379565.2935773145873100
Zr    97481.1418128839868587  321499.9372621680377051  -379563.8034450338454917
O    97479.7888754661689745  321501.5638524829410017  -379563.8716339002130553
O    97476.9466522592701949  321502.2149753174162470  -379565.0207477038493380
O    97480.0312899882701458  321501.9483946223044768  -379565.5819979435182177
O    97479.4562652540917043  321502.0768743313965388  -379564.9503464018926024
O    97477.2127095547184581  321501.1779005243442953  -379564.0966832528938539
O    97478.6037349605467170  321502.4039210047922097  -379564.5450584532227367
O    97477.9293575142946793  321502.3563672280288301  -379564.9961077959742397
O    97478.2726858940295642  321500.4899988479446620  -379563.7090866465587169
Zr    -77408.9713021786301397  787234.0089142664801329  -44409.5585838707556832
Zr    -77407.9752656030614162  787235.3550235588336363  -44408.8286506460426608
Zr    -77407.8060707246040693  787233.1263506712857634  -44409.0093063991007512
Zr    -77408.5235338549682638  787233.4313142212340608  -44409.9989647346810671
O    -77407.0173372911231127  787233.7935084669152275  -44409.8755506022353075
O    -77407.9364772487751907  787235.7020137907238677  -44408.3365549225854920
O    -77409.6216929101065034  787235.2390948025276884  -44408.6219366618825006
O    -77407.4194756022916408  787233.6929679522290826  -44407.5223761323431972
O    -77408.7832108017319115  787233.3173739624908194  -44408.1073519857673091
O    -77406.9001814506191295  787236.5188205781159922  -44407.6353247419465333
O    -77407.3124505998712266  787232.8113710391335189  -44410.7951010673714336
O    -77407.4622106265887851  787235.0127489800797775  -44408.3498154252592940
Zr    694393.7207575455540791  -438058.6215058093657717  -254407.8420981274684891
Zr    694394.0313040824839845  -438059.2988619874231517  -254407.7097180169657804
Zr    694393.9948779836995527  -438058.9548103539273143  -254407.3971111190912779
Zr    694395.3580802761716768  -438059.6043072295724414  -254407.1634929227293469
O    694394.8360981806181371  -438059.5393461958155967  -254408.8631272530474234
O    694394.8096405263058841  -438059.9362297983025201  -254407.2346264706866350
O    694393.9750827067764476  -438059.0196056886343285  -254407.4370021043287124
O    694394.0840366377960891  -438059.0051439958042465  -254405.8981552092882339
O    694394.1684446155559272  -438060.1143879425944760  -254408.5568112795008346
O    694392.0153802181594074  -438059.9937562313280068  -254408.0134296222822741
O    694392.8045186784584075  -438057.4078747062594630  -254406.8586687744245864
O    694392.1475718852598220  -438057.9750917489873245  -254406.3413560180342756
Zr    -499863.3739363470231183  431487.8029398242360912  -81982.0374257081275573
Zr    -499863.9573920083930716  431487.3618384440778755  -81981.6534361248195637
Zr    -499862.7246687679435126  431487.4103689384646714  -81982.4463251382549061
Zr    -499862.5575759134371765  431486.0028377716662362  -81980.8304189943155507
O    -499862.2438728113193065  431486.8140014666132629  -81982.3921897405962227
O    -499863.5317296886933036  431487.0207437935168855  -81982.6840803940431215
O    -499863.9639510491979308  431486.7564024758758023  -81981.0711688739102101
O    -499864.1308759083622135  431487.1949748436454684  -81981.7057369675021619
O    -499862.4518773124436848  431486.9192861916380934  -81983.1706698933849111
O    -499864.3058103256626055  431488.4426620839512907  -81982.7836913086066488
O    -499865.0698076944681816  431488.4115966215613298  -81982.8886714452091837
O    -499864.0914782048785128  431487.8798395355697721  -81981.7182614497287432
Zr    -312634.1114938677055761  -214049.4402044591552112  21657.9909156009853177
Zr    -312636.0339933653594926  -214051.1412243265949655  21659.1136603164632106
Zr    -312635.1062741852365434  -214049.9520504198444542  21660.4803061178317876
Zr    -312635.8339614315191284  -214051.2425026570272166  21660.7732303496777604
O    -312633.8158483548322693  -214050.3812895895680413  21659.2095908775918360
O    -312635.4300808816915378  -214050.5643885897297878  21657.6138386559905484
O    -312635.1577355382032692  -214049.3292285389034078  21660.1699738532042829
O    -312633.3933654227876104  -214049.7702267497952562  21657.9671041025067098
O    -312634.7212765063741244  -214051.6766394994047005  21659.4961386241775472
O    -312634.9669752996996976  -214049.7244942074466962  21657.3114808640493720
O    -312633.6700862908619456  -214050.4177032668376341  21657.5236788399524812
O    -312635.4811104695545509  -214050.1325088381709065  21658.6608863053952518
Zr    -94800.2429863996658241  823233.3008154289564118  -113246.5312943384342361
Zr    -94799.3416912549000699  823232.2751835673116148  -113244.9952949539438123
Zr    -94798.6906238097290043  823232.3953835554420948  -113245.4206913567322772
Zr    -94800.8659580004896270  823231.5017419849755242  -113245.2646354689641157
O    -94799.3287607569945976  823230.2169910555239767  -113246.1645570199179929
O    -94800.1248820500768488  823232.9223675121320412  -113244.8941420116170775
O    -94800.7316141419141786  823230.9206509247887880  -113245.5278521131695015
O    -94799.8151503161061555  823232.4200715823099017  -113245.2205920259875711
O    -94798.5012450016947696  823231.6003603658173233  -113246.5081667678023223
O    -94799.8285440892941551  823232.0454023487400264  -113245.8839515142026357
O    -94799.5567237166978884  823231.3261827778769657  -113246.6123402668745257
O    -94800.1337074085022323  823232.5680594258010387  -113246.7870456082455348
Zr    329149.5479361059260555  142755.2145217639044859  870758.7111554925795645
Zr    329150.6320402360870503  142754.5924209740769584  870759.0634469928918406
Zr    329150.3890083326259628  142754.4340996090322733  870758.0318588727386668
Zr    329149.6924789695185609  142754.2003625359211583  870758.1681067302124575
O    329148.6843882760731503  142753.3320302696374711  870759.8680488702375442
O    329149.5084406359237619  142756.2300327428674791  870760.5293809089343995
O    329150.3456343756988645  142754.8808937853318639  870758.0402690763585269
O    329149.7679288903600536  142754.8056985272560269  870758.1814189795404673
O    329150.3878825583960861  142755.0076461996941362  870757.4616198698058724
O    329150.9548759423196316  142755.2313242137024645  870758.3093888630392030
O    329150.7261752917547710  142755.2722937354701571  870758.5638126243138686
O    329151.2152199589181691  142756.2269844000984449  870759.7767796367406845
Zr    -425166.3969766585505567  120341.5787736038182629  -1118744.8758808397687972
Zr    -425166.2516944768140092  120341.8093789864651626  -1118745.5987951220013201
Zr    -425165.6190099804662168  120342.1582456042087870  -1118745.1698603073600680
Zr    -425166.1259921638411470  120343.4824984903825680  -1118744.0804857425391674
O    -425164.6071128263138235  120342.6516942835442023  -1118747.0323901888914406
O    -425163.9143849432584830  120340.6943994835601188  -1118746.0801513241603971
O    -425164.6078603651258163  120341.3845290377648780  -1118742.7571499333716929
O    -425167.7313301693648100  120343.3515804952912731  -1118745.9440729091875255
O    -425166.2816959205083549  120343.4174020839709556  -1118745.3385565995704383
O    -425166.1706552281393670  120340.6738815040735062  -1118746.3369784494861960
O    -425169.2912043357500806  120344.7584440024947980  -1118742.9279483156278729
O    -425166.5450990329263732  120342.8294266911543673  -1118744.1316606728360057
Zr    -369449.0814572339877486  207872.7708330931200180  986956.2858952695969492
Zr    -369449.7299516688799486  207871.9267253802972846  986955.2407704875804484
Zr    -369448.7115543501568027  207871.3290036292455625  986955.3552427111426368
Zr    -369449.2579134094994515  207870.2387924689392094  986957.1640936090843752
O    -369447.6621433573891409  207871.6821988844603766  986954.2699021017178893
O    -369448.7944542018231004  207870.1894265007576905  986954.5178709470201284
O    -369448.9641897628898732  207869.8932804263895378  986955.5791392374085262
O    -369449.6686781169846654  207872.6349659974221140  986954.6536340386373922
O    -369449.0031261589610949  207872.6167554734565783  986955.7843607941176742
O    -369449.2348059162613936  207870.4535165213164873  986954.5991899746004492
O    -369449.3945956643437967  207873.1431484710192308  986956.6895262618781999
O    -369450.7153915092349052  207870.7274246797896922  986955.8140353364869952
Zr    58909.6781730275106383  -1036450.2149865633109584  255392.5909710779669695
Zr    58909.1282169854312087  -1036451.0439594509080052  255392.4839954025228508
Zr    58909.3368162675324129  -1036450.5967013057088479  255391.9650395545177162
Zr    58909.8455293251463445  -1036450.4692855906905606  255393.2799094904621597
O    58910.4616712816205109  -1036449.5484439507126808  255391.8846100545488298
O    58909.2955223574244883  -1036451.8536277995444834  255393.3643591356812976
O    58909.1380068662692793  -1036451.5030027129687369  255393.1806199641723651
O    58909.8717720631684642  -1036449.7617200018139556  255393.6156605230935384
O    58908.8541877040188410  -1036450.2797343618003651  255392.6307814030442387
O    58908.9659300984640140  -1036450.7817229060456157  255392.4210451755789109
O    58906.8690659712883644  -1036448.4426169180078432  255395.3053585572633892
O    58908.8165340916966670  -1036451.4314494074787945  255395.2357152754266281
Zr    1335328.5903154346160591  -394476.7012189481174573  396216.2990993205457926
Zr    1335329.6168536492623389  -394477.8478164225816727  396217.0623796980944462
Zr    1335330.0540128508582711  -394477.3307709065265954  396215.7022735415957868
Zr    1335330.3863150570541620  -394477.8160400936030783  396216.5332581496331841
O    1335331.2345374515280128  -394475.8757335289265029  396214.5479903535451740
O    1335331.5542351838666946  -394480.3990284678875469  396214.1909207322751172
O    1335331.4207676744554192  -394478.9828250777209178  396215.9732197205885313
O    1335330.5131288741249591  -394477.3455969514325261  396217.5172644166159444
O    1335330.3575340302195400  -394476.9841645206324756  396214.9374585035257041
O    1335328.8060116467531770  -394476.7238567595486529  396216.2686647609807551
O    1335329.5372751867398620  -394477.4276457797386684  396216.2090960948262364
O    1335328.5397617863491178  -394479.5379585402552038  396219.1021702299476601
Zr    91290.8039725904964143  360111.5180112907546572  -542769.7586889539379627
Zr    91291.4072308851173148  360111.6386539424420334  -542768.5782153713516891
Zr    91292.4470724250422791  360111.5780296312295832  -542770.2259833192219958
Zr    91290.5426574268785771  360111.3489639814360999  -542770.4517989202868193
O    91292.4906293473613914  360112.6118717303615995  -542770.2866057183127850
O    91292.0491297815606231  360111.0553984313155524  -542769.9143667914904654
O    91290.8343872648692923  360111.0143345334217884  -542769.5142092662863433
O    91290.3850836477795383  360110.4690118152648211  -542768.2863174335798249
O    91291.4505178548715776  360111.2581906007253565  -542769.1627702872501686
O    91293.5230758036777843  360111.3620879324153066  -542767.3369584643514827
O    91290.0335787236545002  360113.6515442840754986  -542768.9110553215723485
O    91291.5789706642099191  360112.3275457476847805  -542767.7140405128011480
Zr    254085.7485373077215627  -798498.9800819748779759  1041561.6699243803741410
Zr    254084.6922865027445368  -798498.7890061000362039  1041562.4495938440086320
Zr    254084.9651996699976735  -798499.9083208647789434  1041562.1097067439695820
Zr    254085.0243788995721843  -798499.2060721997404471  1041563.4735291146207601
O    254085.6215380426729098  -798498.2058331600856036  1041561.3491834903834388
O    254084.5459526155027561  -798498.2460950359236449  1041562.0736632868647575
O    254084.2142453366541304  -798500.6349857727764174  1041563.4757561399601400
O    254083.8492335959745105  -798497.9443613351322711  1041561.2567466272739694
O    254083.3308800695813261  -798500.7623107412364334  1041561.8062160603003576
O    254086.3828194253146648  -798499.0013207603478804  1041561.0241009093588218
O    254084.4136653879249934  -798497.9089453518390656  1041562.7621473346371204
O    254084.6404898026958108  -798498.1795567967928946  1041562.7113885886501521
Zr    129435.5865378171583870  -421535.0447168124374002  -851800.1759092260617763
Zr    129436.1997020241688006  -421535.4837940628058277  -851800.2550844651414081
Zr    129436.0523436275398126  -421536.4127208071295172  -851799.5917422882048413
Zr    129436.2681147153634811  -421535.7311796243302524  -851798.8095777599373832
O    129434.9232637129025534  -421537.9624171147588640  -851799.8295801002532244
O    129437.2359935855638469  -421537.4515357482014224  -851799.5729290904710069
O    129436.8345505635224981  -421535.7412305993493646  -851799.8317617643624544
O    129437.3214811199140968  -421536.6518371607526205  -851799.7990546924993396
O    129434.4458782006549882  -421537.1793631112668663  -851798.9585956359514967
O    129435.9820039526966866  -421534.8150075489538722  -851799.2710559803526849
O    129437.1642031074443366  -421536.8723147079581395  -851801.1666577397845685
O    129435.2189452151069418  -421536.7238417393527925  -851799.6902227972168475
Zr    44416.5504371326751425  -540928.1272687643067911  -223417.0973516556550749
Zr    44415.7167398037927342  -540928.0379509815247729  -223417.8664757236256264
Zr    44415.3749211395042948  -540928.7926335501251742  -223417.6093383955594618
Zr    44417.7377105095729348  -540928.1284580795327201  -223417.2421110990399029
O    44416.9998411736742128  -540929.5432683140970767  -223417.7767385475162882
O    44419.1990939458701178  -540930.7313366492744535  -223419.0101568707032129
O    44418.6206208081712248  -540928.4109483100473881  -223416.1637440797640011
O    44417.2225887757231249  -540929.0220527325291187  -223417.4228507309162524
O    44417.5590575921305572  -540929.3776229423237965  -223415.8754451476852410
O    44416.1490362629483570  -540928.1754493284970522  -223417.7253128011070658
O    44416.3182256697764387  -540928.4068710744613782  -223418.7108230648154858
O    44417.9346708726079669  -540927.9139079302549362  -223417.6387580154405441
Zr    -275688.3206088908482343  -85429.9986840492056217  258767.2731665872852318
Zr    -275687.8470927676535212  -85431.9704452545411186  258768.3383870451070834
Zr    -275687.2907714372850023  -85430.0938673024211312  258768.4704164000868332
Zr    -275687.4872847223305143  -85431.1255496683443198  258768.4701627286849543
O    -275686.4911670677829534  -85431.6638395330373896  258768.7762674534751568
O    -275688.5597131984541193  -85428.5575252338312566  258769.3895989758311771
O    -275688.8786671601119451  -85431.9870406554255169  258769.7591900259430986
O    -275686.6030749981873669  -85430.3583052176254569  258768.6696344385854900
O    -275687.8183144780341536  -85431.7671998814621475  258768.2131926352449227
O    -275686.8633590000681579  -85430.2625233743456192  258767.2354488074779510
O    -275687.6581025168998167  -85431.2103086035349406  258767.8895640158734750
O    -275687.4543676514294930  -85427.5568786952499067  258765.7968939160928130
Zr    -200823.4499140023253858  660327.6879753724206239  -155929.6559757322538644
Zr    -200824.4339916582102887  660326.1610123320715502  -155929.6755686543765478
Zr    -200824.0694013742031530  660326.9571077750297263  -155930.5921252903644927
Zr    -200823.0946014190849382  660325.1004401342943311  -155929.8720015589206014
O    -200823.2122319790069014  660327.6016718639293686  -155932.4364427706168499
O    -200823.3113988789846189  660325.6135038784705102  -155931.7762435439799447
O    -200824.3220445895276498  660326.3377532731974497  -155929.7429894471424632
O    -200824.3687671533552930  660325.9408645989606157  -155930.4631913402408827
O    -200823.5276313560025301  660324.5514156996505335  -155930.8420397818554193
O    -200824.1391559520270675  660328.0743881004163995  -155930.4413727115024813
O    -200825.2869327309017535  660327.4287549246801063  -155929.6119665972655639
O    -200823.3306415074621327  660325.7319242086960003  -155929.8295208834751975
Zr    -347918.9904101937427185  -146049.9550142946536653  843428.6454494131030515
Zr    -347919.8302080124849454  -146049.4025306027615443  843429.2379429137799889
Zr    -347918.6638496152590960  -146050.1845207754813600  843430.1203249178361148
Zr    -347918.8376066450146027  -146051.0653547048277687  843429.1447370371315628
O    -347917.5190983065403998  -146049.8722594748833217  843428.0519699510186911
O    -347917.1359745859517716  -146051.8635760997422040  843428.7656716316705570
O    -347918.9226960663218051  -146051.5170227220223751  843430.4862468298524618
O    -347918.3295267238863744  -146049.6020401014247909  843428.6881829901831225
O    -347919.4654021898168139  -146051.4427631194703281  843429.3987901991931722
O    -347918.2407659641467035  -146050.0632695798121858  843428.4287148088915274
O    -347917.8678356840391643  -146051.1304518262040801  843428.0530972492415458
O    -347919.7014386514201760  -146050.2740602224366739  843428.9053500513546169
Zr    722373.3623363039223477  -353143.0320462958770804  -240316.9873578948609065
Zr    722373.4718346196459606  -353143.5556738013401628  -240316.4671915246872231
Zr    722373.4412325777811930  -353143.5928572841221467  -240315.9656451992050279
Zr    722373.9697280798573047  -353143.7862871499382891  -240315.4195830003591254
O    722373.2850707685574889  -353143.9848885601968504  -240314.9152013983984943
O    722373.9720827363198623  -353142.1053220863686875  -240314.3957113492651843
O    722373.5399066158570349  -353144.0960662185680121  -240315.0482473867887165
O    722372.9887639627559111  -353142.4957815717207268  -240315.3939160673762672
O    722371.0030024633742869  -353143.3598478027270176  -240316.8484416035353206
O    722373.3652803646400571  -353143.2937898745294660  -240316.5358370688045397
O    722371.4943437973270193  -353143.5889939517946914  -240315.8243091815384105
O    722373.5609750312287360  -353142.0967970833880827  -240315.5935705091978889
Zr    -259220.5423457926663104  -481586.7328910102369264  -379927.2920156074687839
Zr    -259219.3374624858843163  -481587.2299878039630130  -379927.3306726217269897
Zr    -259218.6361225384171121  -481588.7838260463904589  -379926.3353257348062471
Zr    -259220.2677520900324453  -481589.0898450217209756  -379925.8867272339412011
O    -259217.9105406065064017  -481586.7955706065986305  -379927.1506230059312657
O    -259218.8405477531487122  -481587.7174491490004584  -379925.3472362906904891
O    -259218.9821102770511061  -481588.1875830834032968  -379925.3533020641189069
O    -259220.7591833212063648  -481587.2475110096274875  -379927.1816979324794374
O    -259218.7138741825183388  -481588.0320400253403932  -379925.7403576369397342
O    -259219.8231354436720721  -481588.6013645124039613  -379927.1078969578375109
O    -259221.0788173982873559  -481587.0848259205231443  -379926.0320416861213744
O    -259218.8567902596259955  -481586.2601366250310093  -379925.2682484018150717
Zr    -151383.7246881801693235  1092686.1496690378990024  -728656.8473917952505872
Zr    -151383.3934682490362320  1092685.9411366833373904  -728656.3869250745046884
Zr    -151384.0935070190171245  1092686.1188575436826795  -728657.1298208115622401
Zr    -151383.0202590158442035  1092684.8337171846069396  -728656.7003910009516403
O    -151384.5359093265724368  1092685.8449899505358189  -728656.7440160566475242
O    -151382.3840947049902752  1092685.5288720638491213  -728656.2018345982069150
O    -151385.6180389778164681  1092685.8986893636174500  -728656.5162826579762623
O    -151383.9600075365160592  1092686.6505295888055116  -728656.4233335704775527
O    -151383.8514790064073168  1092684.9319131916854531  -728656.3579235221259296
O    -151383.9987453074718360  1092686.4334348384290934  -728656.9053475160617381
O    -151383.6332427292363718  1092686.4671090370975435  -728657.3887853645719588
O    -151384.2243030305544380  1092686.1111101896967739  -728657.4010859773261473
Zr    333426.3363495991798118  -317318.4247928985278122  534061.2396924843778834
Zr    333425.5982998279505409  -317319.8427167449262924  534060.8525211357045919
Zr    333427.0805008606403135  -317318.9807317195809446  534060.7922558904392645
Zr    333425.8696316905552521  -317319.5967809981084429  534061.1758446709718555
O    333428.1279699177248403  -317317.4904350643628277  534059.1700747255235910
O    333428.6236285692430101  -317321.8907942948280834  534058.5030909650959074
O    333426.3040932510630228  -317319.4124859396251850  534061.0353361328598112
O    333426.6298026893055066  -317319.4923421773128211  534060.6530768803786486
O    333426.3709096729289740  -317318.7821061455761082  534060.8334600792732090
O    333426.8721590297645889  -317318.0163078528130427  534060.8533056799788028
O    333423.7513733106316067  -317317.6401600096723996  534061.4480900713242590
O    333424.5501241101883352  -317317.7674885674496181  534061.9047125893412158
Zr    169017.2730878857837524  768429.7003656311426312  197569.4777072104625404
Zr    169018.1280188780510798  768428.9190419354708865  197570.6303951326117385
Zr    169017.9571513613336720  768430.4698285596678033  197570.9915919644117821
Zr    169018.4061746285296977  768429.9290707937907428  197571.1987251797399949
O    169020.0184654859767761  768429.9978515341645107  197569.8633062194858212
O    169016.9160092738457024  768430.8795109876664355  197570.4289692756719887
O    169019.8635651467775460  768429.5821576780872419  197571.6377720815071370
O    169017.7553987140418030  768429.2917820879956707  197570.4313050930795725
O    169018.3082212439330760  768429.3966702165780589  197570.8076559729233850
O    169018.1738416588923428  768430.7817611019127071  197570.1122243108984549
O    169017.8285405341302976  768429.4412320586852729  197570.9186558376532048
O    169017.5400768567633349  768430.2109622441930696  197570.2966058548190631
Zr    700285.6993844517273828  -309090.9764952134573832  -425237.3408901264192536
Zr    700285.7345908379647881  -309091.7782236451166682  -425236.4124330733902752
Zr    700285.5363137292442843  -309090.2514406723785214  -425236.3880451848381199
Zr    700285.7966894948622212  -309091.4997648394783027  -425235.9832362689776346
O    700287.4344129558885470  -309091.5644029900431633  -425236.6837913891067728
O    700285.8661845200695097  -309090.4699056754470803  -425235.0515774068189785
O    700285.8716716229682788  -309089.3631444265483879  -425234.4971652268432081
O    700287.7105363340815529  -309090.8019972832989879  -425235.5873421796713956
O    700285.9430170985870063  -309092.7419388836715370  -425236.3302274501766078
O    700288.0147885859478265  -309090.1079900098848157  -425237.7495948746218346
O    700286.5038483657408506  -309092.0686563456547447  -425237.4518422076362185
O    700286.5704245599918067  -309090.0306300758384168  -425235.7942561553209089
Zr    -169559.0529375480546150  217588.9657536474114750  -501748.5544755621813238
Zr    -169560.0341342538013123  217588.1766180139093194  -501748.3740030411863700
Zr    -169559.0969410561374389  217588.4012720898899715  -501748.5453976640710607
Zr    -169559.2003390555910300  217587.9113451003504451  -501747.8504400847596116
O    -169557.0040174854802899  217588.6733393543981947  -501747.7532416523317806
O    -169559.3519506810116582  217589.1696239530865569  -501746.7737609830219299
O    -169558.2607727505965158  217588.5803093356953468  -501746.7736172389122657
O    -169558.3066791583551094  217587.6448624102340546  -501748.6108387171407230
O    -169558.5532299993501510  217588.0106765095260926  -501748.0369020234211348
O    -169559.0776452911959495  217589.1652689107868355  -501748.7800949328229763
O    -169559.5733407714578789  217590.0823471642215736  -501746.2632317880052142
O    -169558.6763839489722159  217589.3020727297698613  -501746.2611412177211605
Zr    183772.9555058820988052  -67578.4484383329981938  -76145.8827188050199766
Zr    183773.3721418179338798  -67580.4614454633410787  -76145.4170829069480533
Zr    183774.6023562269692775  -67579.8331534656172153  -76145.8228931753110373
Zr    183773.5344481096544769  -67580.7496141901356168  -76145.9309448663116200
O    183772.7223557910765521  -67580.1876128898584284  -76145.0924656108400086
O    183774.4702417326625437  -67580.3625060780468630  -76146.2993767807492986
O    183773.6948808890592773  -67579.5542826088640140  -76145.2584832660650136
O    183773.6307698586315382  -67579.8543667670746800  -76146.3571943436982110
O    183772.8558529777219519  -67579.8402054281032179  -76146.0902721068996470
O    183772.0910710990137886  -67579.3734844109421829  -76147.3704361417185282
O    183772.5028175892075524  -67579.1989632174954750  -76145.4335662548255641
O    183773.0309814411157276  -67578.4844559435150586  -76145.0190448944194941
Zr    219479.8168941075564362  76793.4897687015909469  -99250.1953291785030160
Zr    219480.3161075193202123  76794.0316018988232827  -99250.9635097687860252
Zr    219481.2010121026542038  76792.7731414566660533  -99252.3008995687850984
Zr    219480.3547347427229397  76792.2221215059253154  -99251.2810244698484894
O    219482.8659382021287456  76793.7585374855116243  -99252.2713571117492393
O    219480.6972965579188894  76793.8760678255930543  -99251.2888662252807990
O    219480.8757937203045003  76793.6691475313273259  -99250.5500271691707894
O    219481.0877759308787063  76792.4288413273752667  -99251.7699211230938090
O    219480.7692764194798656  76792.9739744673861424  -99250.9111071722145425
O    219481.7290791326959152  76794.7549358961696271  -99252.7693211980804335
O    219480.8908369014097843  76793.5004704675084213  -99251.6833574759803014
O    219480.2282751703169197  76793.1116419908212265  -99251.2842713599384297
Zr    -744032.1789810430491343  245307.3270241465070285  -544910.8371802350739017
Zr    -744032.2444494370138273  245305.3553589638322592  -544909.9725583315594122
Zr    -744031.9294185171602294  245305.9367341007746290  -544909.8557328247698024
Zr    -744031.5476208155741915  245304.1985579522734042  -544908.0898211518069729
O    -744030.0005185215268284  245306.9483888237155043  -544911.0821324945427477
O    -744031.1090517619159073  245305.6974606968287844  -544910.8661498171277344
O    -744031.4221218900056556  245306.0712845981179271  -544909.7708927042549476
O    -744031.4914857662515715  245306.3703579459106550  -544908.7279182526981458
O    -744031.6868081145221367  245306.1197021030820906  -544909.2794346380978823
O    -744031.1278600883670151  245306.9432157153787557  -544909.4526947088306770
O    -744031.8886193198850378  245306.6550511286186520  -544909.7688151325564831
O    -744032.9199821802321821  245304.4808922906231601  -544908.0702308018226177
Zr    366150.6517593837925233  -151585.7209175520401914  -160830.4229618136014324
Zr    366149.8485856147017330  -151587.8463807711668778  -160829.1109676497580949
Zr    366150.9990538673009723  -151586.1467718731728382  -160829.2300738108169753
Zr    366150.1420518175000325  -151587.9019112206879072  -160828.0469042354961857
O    366151.9092472523916513  -151586.2429763227701187  -160829.9535072033759207
O    366150.8607429201365449  -151587.6932452284672763  -160829.8309615058824420
O    366149.3441404038458131  -151587.6230535749928094  -160827.9563093769538682
O    366151.7880844721221365  -151587.0652901648427360  -160828.8344845314859413
O    366150.8621624967781827  -151587.8384965351433493  -160828.6682811687642243
O    366150.8506063353270292  -151586.6003897638875060  -160829.8258123755222186
O    366150.6178281659376808  -151585.3025055214529857  -160828.8949186709360220
O    366150.8191765794763342  -151586.9488230388378724  -160829.0819633210194297
Zr    -736788.7161753169493750  -380812.8013428401318379  -393928.2009647709201090
Zr    -736788.5666599383112043  -380813.1722000303561799  -393927.6134612300083973
Zr    -736787.4667437700554729  -380813.8204877426032908  -393928.3943100810283795
Zr    -736787.7915490207960829  -380814.6902099474100396  -393927.6554298579576425
O    -736786.9913505421718583  -380813.7225848762900569  -393927.5817204159684479
O    -736788.2874745407607406  -380813.6630533347488381  -393927.6560872927075252
O    -736788.4111400491092354  -380813.6402623205212876  -393927.6271240953938104
O    -736788.2749771708622575  -380813.3406236196169630  -393927.8063876802916639
O    -736789.0894847478484735  -380814.1092231689835899  -393927.8267830626573414
O    -736788.9884883726481348  -380812.6607551326160319  -393929.1072950706584379
O    -736788.8153172173770145  -380812.6836019390611909  -393928.1592225046479143
O    -736788.7402733726194128  -380812.1204403304145671  -393929.1444788432563655
Zr    -300254.7606569427298382  588877.1501705099362880  -481704.3483776671346277
Zr    -300255.7815282440278679  588877.1845564361428842  -481703.9333245657617226
Zr    -300253.4736654779408127  588876.2085620886646211  -481704.2151748024043627
Zr    -300255.2761151818558574  588877.8872825291473418  -481704.6968164688441902
O    -300252.9674277518060990  588879.1245046211406589  -481705.6556586704100482
O    -300255.0711981449276209  588877.8916197731159627  -481704.3086125318077393
O    -300254.3823902689618990  588876.8602478790562600  -481704.5444062413880602
O    -300255.8673773352056742  588877.5791933047585189  -481703.9853021704475395
O    -300254.9143811425892636  588878.2002868370618671  -481705.6621907510561869
O    -300255.1589510054909624  588876.5184995232848451  -481703.6483988518593833
O    -300256.1964045484783128  588880.4558074020314962  -481702.0964545325841755
O    -300256.4720290930126794  588877.0329307896317914  -481701.5956673346227035
Zr    -110224.5097772191802505  87521.6978169816720765  256790.7941457119304687
Zr    -110225.8484060303599108  87523.2624683525064029  256791.3890019934042357
Zr    -110225.6422001764585730  87522.3862085679284064  256791.0264553280139808
Zr    -110224.4929578597511863  87522.7982567123981426  256791.6995295403758064
O    -110224.5128173837147187  87522.3447456090652850  256790.7788720321550500
O    -110225.2904620726185385  87522.2780163515562890  256791.0392249524011277
O    -110224.2310010960354703  87522.4057633423508378  256792.0790688011620659
O    -110225.4254021131346235  87521.5627449584717397  256793.0657556003716309
O    -110226.3147098280169303  87520.8260170962603297  256790.5022708437754773
O    -110224.9188914650003426  87522.9244689844781533  256792.4755043894110713
O    -110226.3723635189671768  87522.5460894324933179  256792.4278430122649297
O    -110226.1177031949773664  87523.0177345032570884  256791.8885862251045182
Zr    2618.4289966895771613  -389096.5266298723872751  -602646.0301562580280006
Zr    2616.8250367403475138  -389095.0021513337269425  -602644.1118248244747519
Zr    2618.5091142912297073  -389095.7321238628355786  -602643.6744329856010154
Zr    2617.1385751404204711  -389095.9542707666405477  -602645.1317777144722641
O    2617.4221921492044203  -389098.2091072017210536  -602644.4537702008383349
O    2618.9860344410622019  -389096.5002394796465524  -602644.3833614359609783
O    2618.4605001189197537  -389096.0453126423526555  -602644.4894669528584927
O    2617.7480734845275947  -389095.9872192890616134  -602644.6603220367105678
O    2618.6625863786330228  -389097.2277325264876708  -602645.6470710845896974
O    2617.7707272138204644  -389094.7119940156117082  -602646.1744498775806278
O    2617.8280716309886884  -389098.1350827232818119  -602644.9314646605635062
O    2616.7209854184520736  -389096.2744890145258978  -602644.6600723463343456
Zr    -75415.3625299049017485  -203921.5511986978235655  460500.6990353562287055
Zr    -75417.1590679081855342  -203921.0389481115562376  460501.7002385599189438
Zr    -75416.3205424469197169  -203921.1860124562517740  460501.1893805495928973
Zr    -75416.4900656184181571  -203920.7642900945502333  460501.6646748683415353
O    -75415.1750292133365292  -203921.8548003424075432  460502.4400921730557457
O    -75417.7249698809318943  -203920.8992451387457550  460501.7954478414612822
O    -75416.2238462603854714  -203921.4481020594830625  460499.9364944664994255
O    -75416.3004006183036836  -203921.2820196585962549  460500.6708085352438502
O    -75418.2298953254503431  -203921.2462267736264039  460500.6478373610298149
O    -75416.3493605106486939  -203921.3519682453479618  460499.8356463015079498
O    -75416.5030992941319710  -203922.4611349758633878  460498.8651422800030559
O    -75415.0015270542789949  -203918.2317495497118216  460500.5619896246353164
Zr    457870.0069601003779098  1207588.8348483939189464  480566.9386513330391608
Zr    457871.1248170044855215  1207586.0140480515547097  480568.1642467530909926
Zr    457871.0265413984307088  1207588.6705970803741366  480567.1023435402312316
Zr    457872.1324572553858161  1207586.1896992796100676  480566.6666605413774960
O    457868.8318203890812583  1207585.0176184920128435  480567.3191002749372274
O    457872.0421934361802414  1207587.8675380181521177  480567.4748098432319239
O    457869.2360975819756277  1207587.6631841766647995  480568.3573992583551444
O    457870.7989966282621026  1207587.2264886521734297  480566.9433523078914732
O    457871.1180047332309186  1207585.1836050448473543  480568.1404276442481205
O    457871.6610271140816621  1207588.2185124731622636  480566.6216865588212386
O    457869.8894450425868854  1207587.7175213894806802  480566.4700762793654576
O    457871.0553898496436886  1207588.7340201372280717  480565.8043608156149276
Zr    -587136.8994444989366457  770501.4051393602276221  180148.0357856991176959
Zr    -587137.7652025214629248  770501.2841443318175152  180147.6568136855494231
Zr    -587136.3793165505630895  770501.9465169550385326  180146.6488799917278811
Zr    -587137.3980657510692254  770501.6280140008311719  180147.6619893995230086
O    -587137.5610732437344268  770499.8487062177155167  180147.4933621270174626
O    -587138.2121428549289703  770502.1330353857483715  180147.5237684134335723
O    -587137.3395123650552705  770502.0683295276248828  180149.4076162016135640
O    -587136.2631090094801039  770501.3120833770371974  180147.2480422153312247
O    -587137.5355010174680501  770500.3933756479527801  180146.1966087303590029
O    -587137.6063849608181044  770501.0563820697134361  180146.5824452816741541
O    -587137.4815756672760472  770501.5589442704804242  180146.6419753672089428
O    -587135.9950050283223391  770502.7109713628888130  180145.8573952965089120
Zr    -806354.8663019378436729  -1089192.5279704455751926  83257.9482270485750632
Zr    -806355.7953606232767925  -1089192.1655467902310193  83260.2369676441157935
Zr    -806353.9560573947383091  -1089192.5078792232088745  83258.7423391395568615
Zr    -806355.1853383904090151  -1089193.3204206177033484  83260.2359050316590583
O    -806353.6628837524913251  -1089192.8659613966010511  83260.2840282686811406
O    -806354.6225653314031661  -1089192.3088421344291419  83261.4726178345736116
O    -806355.1420196350663900  -1089192.7155284420587122  83260.0994214950042078
O    -806355.0477108615450561  -1089193.1494554542005062  83260.3156236926733982
O    -806353.7701602377928793  -1089193.2472142120823264  83259.1086720610182965
O    -806354.1711563998833299  -1089192.5246724640019238  83259.5010612447222229
O    -806355.8703064225846902  -1089191.9970367208588868  83259.2587244390742853
O    -806356.1924256378551945  -1089192.4055835546460003  83260.8292776406160556
Zr    1505203.5612090735230595  1098023.8629852826707065  522229.4248983232537284
Zr    1505204.2123090417589992  1098024.1095410452689976  522230.8334712394280359
Zr    1505205.1769984746351838  1098023.0985919369850308  522229.8100351687753573
Zr    1505204.1495459687430412  1098023.0025105813983828  522229.9480336622800678
O    1505203.7158852156717330  1098020.2207886325195432  522230.3494392294087447
O    1505203.8082855839747936  1098024.5259628416970372  522230.6288630000781268
O    1505204.5982592934742570  1098024.1278467171359807  522230.7085588354966603
O    1505205.6732091850135475  1098023.7737107076682150  522230.7631184483761899
O    1505205.1598972552455962  1098022.6541966169606894  522230.7378155054757372
O    1505202.8661289806477726  1098024.2520478067453951  522228.6395282286102884
O    1505205.1592868932057172  1098021.6129372704308480  522228.4033480712096207
O    1505203.5217201688792557  1098024.0849843798205256  522228.3777158444281667
Zr    -921483.0880328702041879  456726.9394736099638976  -310988.2549046634812839
Zr    -921482.2130314059322700  456726.1862758464994840  -310987.2719394917367026
Zr    -921481.7171266600489616  456725.0690608721924946  -310986.4043164315517060
Zr    -921482.4412956432206556  456726.2255017763236538  -310986.7961300110910088
O    -921481.1138739240122959  456727.2220456211944111  -310987.7303772210143507
O    -921482.5222699616570026  456725.3442710300441831  -310986.3961616545566358
O    -921483.0799826516304165  456724.8297567014233209  -310986.5891269249841571
O    -921479.6366459863493219  456725.9864404203253798  -310986.2656701535452157
O    -921484.6986451409757137  456726.4070437391055748  -310987.0555854907725006
O    -921483.8584706028923392  456725.1741537728812546  -310987.0022022658376954
O    -921483.5557547389762476  456727.3014506746549159  -310984.3011952935485169
O    -921483.0782490103738382  456726.1165114296018146  -310985.6174272834905423
Zr    209663.3834985113353468  -365020.9392630321090110  1715285.7767274880316108
Zr    209661.2292205534467939  -365021.8720412374823354  1715285.2370052780024707
Zr    209663.4387273291358724  -365022.3156615845509805  1715284.8468203675001860
Zr    209661.9367459280183539  -365023.0973986954777502  1715286.2258434938266873
O    209660.7804989170981571  -365023.3664780625840649  1715283.6515651030931622
O    209663.6160313491709530  -365023.4655042849481106  1715284.7306150852236897
O    209661.4635877480613999  -365022.7248705637757666  1715286.0461347911041230
O    209661.4054918088077102  -365021.6081591671681963  1715285.6246872374322265
O    209661.9594184755114838  -365023.2878327030339278  1715284.8239638961385936
O    209662.1282463254465256  -365021.8383305724710226  1715285.0661950407084078
O    209663.0014190555957612  -365022.7477322099730372  1715283.9518111462239176
O    209662.2598684960103128  -365021.7125939083052799  1715284.4485057583078742
Zr    -183373.6672845337016042  802958.8049725436139852  439879.9713622929411940
Zr    -183374.9018208704947028  802958.1775035242317244  439880.3020437076920643
Zr    -183373.8312325947335921  802957.7168751150602475  439879.5708529679104686
Zr    -183374.5461115794314537  802956.7286546797258779  439881.6762988712871447
O    -183372.7711083533649798  802958.9016871734056622  439879.6535287792212330
O    -183372.6877159128198400  802956.1469941528048366  439880.2390854128170758
O    -183372.5376588428043760  802959.2139072403078899  439881.1981689352542162
O    -183373.4578338863211684  802957.0614716338459402  439880.3292943924898282
O    -183374.6942608778481372  802956.5102627309970558  439879.7805691949906759
O    -183374.0333510112250224  802959.6610883504617959  439880.2152836627792567
O    -183374.3063415351498406  802959.7414455666439608  439879.3464924597064964
O    -183373.5866908494208474  802957.9505002202931792  439880.5216931516770273
Zr    -851165.2736581687349826  1068572.1244103156495839  49068.0756643677668762
Zr    -851164.4292855751700699  1068571.5833469391800463  49068.6358892649514019
Zr    -851164.4451034112134948  1068571.9381179511547089  49066.5493028559722006
Zr    -851164.1321275271475315  1068572.0470108077861369  49068.1560945195305976
O    -851162.7915958446683362  1068571.5616781995631754  49067.2141270150896162
O    -851163.6283000514376909  1068570.2573516119737178  49068.2468943444546312
O    -851164.1587387511972338  1068571.5496469154022634  49068.8296013795770705
O    -851165.1900676713557914  1068573.1608081632293761  49067.9776524227272603
O    -851164.2681525454390794  1068572.1969733140431345  49067.0203361669191509
O    -851163.5882551482645795  1068572.3092831536196172  49067.9739506662299391
O    -851165.9448115116683766  1068571.3202567684929818  49068.3593837407825049
O    -851165.6099158769939095  1068571.0979711941909045  49069.0053899759659544
Zr    -163484.4294058972445782  1097970.4061676552519202  -513285.5516569943865761
Zr    -163485.1272505111410283  1097970.8506711518857628  -513284.4935331430751830
Zr    -163484.3578066850022878  1097969.1895791052374989  -513283.5719263752107508
Zr    -163485.5187352823850233  1097969.0612913249060512  -513283.9399687882978469
O    -163484.2747685950307641  1097970.6228262889198959  -513285.7631534751853906
O    -163484.1423409842245746  1097969.6557777225971222  -513284.7860448770807125
O    -163484.6139657106250525  1097969.9887032895348966  -513283.3966470155864954
O    -163486.3168095797882415  1097970.7849404953885823  -513285.0259863114915788
O    -163485.9920383941498585  1097970.7247243972960860  -513284.4687462914153002
O    -163482.6303210620535538  1097970.4984385757707059  -513285.6915636687772349
O    -163486.1258173476089723  1097970.6542056114412844  -513283.9476756262592971
O    -163486.0244807844283059  1097969.5068795545957983  -513283.1465945616364479
