CELL_PARAMETERS angstrom
20.5103055801585690  0.0000000000000000  0.0947411230257034
0.0000000000000000  20.8609171474630628  0.0000000000000000
-3.6106018498087891  0.0000000000000000  20.8585173496099259

ATOMIC_POSITIONS angstrom
Zr    -1.1560850306237529  1.2059708210784816  -7.1364108324972726
Zr    -1.2930499937341968  -0.4527329647789134  -7.3963013350882951
Zr    -1.6483928367120875  1.0158628682616651  -6.7278126923938020
Zr    -0.8698343390390317  -1.0641916639286808  -6.5933873256841551
O    0.0635598585434524  0.5587512477117980  -7.9486607012161050
O    -1.7777498620091419  -0.5197864269206722  -7.7207750995929398
O    -1.7071536466384800  -0.3827119610421940  -6.7641906522951549
O    -0.5859766990600731  -0.0377403329938332  -8.3355334905009215
O    -0.9694586142554101  -1.8567653882420085  -7.7132509717572804
O    -1.2667441544596540  0.3543124826139028  -7.9281793716404003
O    -0.6485665045724540  -0.1250849551851669  -5.4892482086370737
O    -2.9520150488728563  -1.4270927433586000  -5.5030985499439948
Zr    -8.9015046940260820  8.4873638153616611  7.1350056081807054
Zr    -8.8441929461835453  9.3039240874772737  7.9204785626025798
Zr    -8.9516999103128079  7.4920409429396120  7.3556733686576434
Zr    -7.8819493823156339  8.6245268031695375  7.8885310293610758
O    -8.6770956744892622  7.9897421165921765  5.7495036865780671
O    -7.6321419523323746  7.3515973804969361  7.0352000729767639
O    -7.5568949137734345  9.1917076079059807  7.8139646694208684
O    -7.2325172779438089  8.9308331641867564  8.8023735440170050
O    -7.4375199313634024  8.8618957215278140  6.3642185304887660
O    -8.4156234820994040  8.3337886926506304  8.4516101787833300
O    -8.4790883878019674  8.8609915958323207  6.3688778494687064
O    -8.8117522092010283  9.3612230881982352  8.1869706036119290
Zr    6.6806587018817396  -4.9441695458583981  1.8320228887938086
Zr    6.7368044246311314  -3.9796229489128119  2.2922898723478973
Zr    3.1275965655618143  -4.7627273364112952  20.3717172059454548
Zr    4.4214318174046356  -4.1379554069932452  20.9779493741895351
O    7.1607816355390863  -4.8425376590862337  0.4420109563256780
O    5.0505546651365352  -6.5625551835338056  21.1785850657204691
O    7.5941379107720604  -5.7824048081504831  1.9317526487261105
O    5.6188126857999983  -4.9957516187951434  2.5690653314808927
O    6.2510018207509770  -4.1279092267217603  0.7867089808386183
O    6.2130149636613474  -5.6148555526456914  1.3907869524245697
O    2.7235177677346734  -4.3309478382040725  20.2508634738481774
O    4.8955891690180389  -5.9728892395637141  1.3593292187050405
Zr    -1.3266005210294092  -8.6553423054621845  11.7793419125531980
Zr    1.0419318397890929  -9.8592628523962365  13.2927919842281970
Zr    1.2310604993349252  -8.7141023996574845  11.2511413237437381
Zr    0.6604767469804003  -10.2646000625062044  12.1029320432388641
O    1.4351754681895987  -8.0485249520970186  9.3416125686487135
O    2.3760690598681178  9.9615990658313169  10.7980298924282412
O    0.9415529224736838  10.6498957316298490  12.9044289044054121
O    0.2648557480321760  -9.3572337468545008  11.0148199489652825
O    -1.0849695347907746  -9.8832338697461601  11.2581564165247130
O    0.4850313457668696  -9.6279155688825586  11.8380979040632468
O    -2.3175843577308539  -7.1121786090764596  12.2727989561094049
O    -2.2813925249853844  9.2076059700514392  13.6456406311901084
Zr    1.5849811954089108  -4.0734976107528524  3.6237703450811094
Zr    2.1365313621836144  -4.1474195608579523  3.0841048386377676
Zr    2.6409245684790688  -4.6838801817157432  1.4100849567052509
Zr    3.6066200094462357  -4.5636049893056523  2.3877141405938107
O    0.8004950032198893  14.5869409048877312  3.4543604201339071
O    2.5326218752382328  -4.1451851515972837  3.6813994081431214
O    2.0125935165386402  14.5862372490591348  1.6946993572993536
O    1.5261636969930588  -3.1656305706727279  2.5450313233112629
O    2.0581998675932867  -4.0423247523842951  0.5679965889821648
O    2.5509241307868669  16.0822582315043334  2.0357921322047989
O    0.9664335870074090  -3.6883966583183536  3.6009872147183639
O    2.3643190969525003  -3.7033024655388047  3.3640394473400415
Zr    -4.1588853874575253  10.5726332548099258  13.0166951272701237
Zr    -4.0836199485955920  11.1037647194853939  14.2213723885581622
Zr    -4.3384645216862214  10.5351040803074678  13.8526061558160904
Zr    -3.8808776344425340  10.4485902346342954  14.8502948580519636
O    -5.1465822211260983  9.9129733614459674  12.3406840118195511
O    -5.0862477811592219  12.5061799667394187  14.2873295149283486
O    -5.8275176565835922  9.8508441516219829  15.2986350065179799
O    -3.8832297094497479  10.5493094682946094  13.8394477750010374
O    -4.1319153725915996  9.6836607337279830  14.1303139523875032
O    -3.7490788601834910  9.5930582684239809  12.4720519291492522
O    -5.5734383301256463  11.8963683106060074  13.9141047279855119
O    -2.5108958065213178  12.7739328013646407  14.6849604010181842
Zr    -5.1671518577516906  -2.7162144380860909  3.1086911195974345
Zr    -6.4909476464392899  -4.2440492081061523  2.6279595928613944
Zr    -5.0493627516228941  -3.9990641695153357  1.9449331564257477
Zr    -5.3818740017456417  -4.4276425010745513  3.2909628755771188
O    -5.4326913319943637  14.5884835298700999  4.7534884606227337
O    -6.5960930300195821  -2.0866122512639489  5.2399328078537284
O    -4.8880073582602028  -3.4732863974780175  4.1234608422324399
O    -5.7235136932362956  -3.9956253205533292  2.4731589840052379
O    -7.0297832538134095  -3.5104085967390288  2.4175391986838228
O    -4.6429637739273470  -3.8658235189636025  1.6381948509692243
O    -4.0801436838242564  15.8189640195611343  1.3955258030821245
O    -8.2560256037479469  -0.3786894052229570  21.3044028645153709
Zr    3.0165278825307396  11.3752602211816356  13.0740678509850081
Zr    3.3106217416376311  13.1696973757632207  13.5611858913262662
Zr    2.6058454395805906  11.7048852738069407  13.0261318834821598
Zr    2.9583886252482010  13.0158936954040918  13.9684599501414937
O    4.1057367066123351  12.5011802542449058  12.9324891062154190
O    4.6269199235073524  11.5801035479874805  12.0924353765691510
O    2.9183431893900842  11.5254951622636206  14.0812465158456739
O    4.1467482168128011  11.3293561021418725  13.9125196394398429
O    2.5719290965433426  11.1061992244401608  14.3250696033954110
O    1.8704788006350306  12.4460792900728201  13.2921706492498277
O    3.7911616971974871  10.8556426973588565  12.1359140614102188
O    2.5179108774470262  13.8218920550572157  14.3050233257199313
Zr    7.7164701599436398  2.9440386429625161  -3.9142105449776703
Zr    8.9543601072434811  1.9637951370535909  -3.1484466099356765
Zr    8.3958042995734949  3.0320685229531907  -4.2723980791062397
Zr    10.4837907836025366  2.3426349703187785  -4.3183355507369416
O    9.9815435428463655  2.4578200842467499  -3.5610058984190309
O    9.1873138723301526  3.3948807493045710  -3.5049228258697247
O    10.5357080278577140  1.4749881799395865  -4.8356567793694998
O    9.5983195851058820  4.8679301519356439  -3.6237893633146916
O    9.5936976688934656  2.9230446525426697  -4.4755753557242040
O    9.5837135653731060  3.2710701392202495  -4.9686604373150676
O    8.6531213996385397  3.1469176787410866  -2.7380301041372945
O    10.4771720192344695  3.4950044677441685  -3.2091291330539553
Zr    6.0183947260789292  7.3179131318319524  -0.6429741934565847
Zr    7.4607054295603996  7.0178462521130669  0.9665994365041444
Zr    7.7705141702854394  8.0779620975997357  0.2564667668965877
Zr    5.5434982124135725  7.1882443573123673  -0.1891107374754206
O    8.0427646024667911  8.5557605546691757  -0.6524428305576491
O    7.6768074520890321  8.0288061950632734  1.8413720132985389
O    6.5296222722963675  6.1315237341301998  0.5217698582423944
O    6.1043659930417773  6.1317090953253199  1.1076961681845257
O    6.8138365382553019  6.6811163281738484  -0.4681277920018916
O    6.5953942993826669  7.7106404286312387  0.1887993590567127
O    5.7786455420088840  8.2135416125182612  1.8459382444291439
O    5.4615222355800777  6.7829529194426605  0.5620288101733069
Zr    1.6132838732522017  11.1645443391913446  20.3382456950118993
Zr    1.8589359783817367  10.7611083182697662  20.2743656379202797
Zr    1.5614422123265546  9.8525753016217887  19.0152838924637422
Zr    2.7499584337080059  9.5459231317307562  20.4660217580671357
O    2.6773599390341611  10.0343285452074831  18.8181563694755489
O    1.8220391150389252  11.3284083246725906  20.7886200237877574
O    5.7631990939253006  10.6671578304387449  1.0555449152532823
O    2.6707867964903005  10.0129152409918021  20.0075198158502054
O    4.9292101673126414  9.7123021079158143  0.5374493927030137
O    1.5335178564271106  11.6830641855028006  18.5196055816989684
O    2.1013917813541640  9.0328196635905158  19.2425462612708635
O    1.2749976433380528  11.5015728680380640  19.1825934831023766
Zr    -12.4594943452638613  18.9107511782083044  25.2567490517988844
Zr    -13.0934627262598671  18.5134517097765610  26.1754499273931955
Zr    -11.2236822218744940  18.8868977357025543  25.1662550564891063
Zr    -12.7334233915485342  18.4842063754465755  26.5781348609349166
O    -11.6152342688335111  17.9395053392296298  24.9306982532969954
O    -11.4740376138645690  18.0451774580385589  26.3468826782493153
O    -9.8425214093484286  18.0987638749040158  6.8548792464007313
O    -12.5508916895842653  19.1438259038489171  25.5178003850702915
O    -13.0412576906200233  19.2558246097377292  25.9727731119176610
O    -8.4735405146401970  18.7132105228428749  5.2134201598134169
O    -14.3211640133829672  19.0169975703306093  25.7939209820675899
O    -9.7674467919599444  18.6913494176504784  6.0773782499407680
Zr    -1.1350682493897888  7.5217976951987211  0.0791115294136539
Zr    -1.0052625668308701  6.7580848203092572  0.4183251668685456
Zr    0.3609810771601104  7.1888382165318241  1.3137454141063816
Zr    -0.5156427813123543  5.8533530346770739  1.5229914248521825
O    0.0969963561729438  5.7583593463543927  0.1698191454639299
O    -0.8698937391208866  6.6923568713572763  0.8430348394547579
O    0.2737626471512262  7.0426737718879391  0.5989352067215145
O    -2.1380086332502666  8.0649175789584859  0.7510616360516889
O    -1.4217361436867502  8.7685970468379750  -0.3899114411602463
O    -0.5280155763897492  6.8233298345905808  -0.0595945795804162
O    -1.6023368560964679  8.2694650260927425  0.7747906767854216
O    -0.9958521271315637  7.2296787008396706  1.1480121606115405
Zr    -1.8574764236342194  17.3976805502413754  4.2770219974301149
Zr    -1.2758762236117409  16.8289068663911969  6.6372734348624247
Zr    -0.1621096615384160  15.4367053375042467  5.8316628431549526
Zr    -1.1052866030598323  15.2026343701688980  4.7727201568759501
O    0.3811865965408173  16.7654823264033119  2.1876548259322588
O    2.1789643257735087  12.9374730613601514  3.3336206355451932
O    -0.2518612863219691  16.3842645607046222  7.1103953002556901
O    0.0906121393498963  16.4667383305397692  7.6100766285016350
O    0.1259866225628229  16.6659445512765672  5.1777071919309021
O    0.8713927449514081  17.0977587015381829  5.5402705704763129
O    -0.6847057182567426  16.9817204222058962  6.8027293088649152
O    -2.3065772206847024  15.2621249265154830  6.9300218180261473
Zr    1.6205599967436171  15.2158727143597989  4.0875812975022079
Zr    2.8318012824705643  13.7403248577919772  4.7052565200129521
Zr    2.1584030990018035  15.6320002107429890  5.1857775205082159
Zr    4.3061620767912503  14.2905943086590472  5.0296273749636740
O    1.9122375083865735  14.2457421477548198  4.4205729203373778
O    4.7727050830582396  13.8999089360320038  3.9315777844110738
O    3.8216011536987367  14.1956705809627977  5.9564934396804894
O    3.8443193731226635  14.6246063801333595  4.7561260622103134
O    3.0048811045525805  14.1983662935299009  5.2492498910005523
O    2.1622572933897324  14.9600536530805073  4.2843983124955187
O    2.8952372820885044  14.3283518888284966  5.1501125051994894
O    1.3504542603148060  14.0481342760378141  5.3186422848945281
Zr    0.3353539287342406  24.6209607326411870  12.1049483200391634
Zr    0.7403708284775496  25.7448127489534357  11.5110220916225039
Zr    1.1041562910175489  24.3578576276243339  10.7252432446552834
Zr    1.9590410033361625  25.7475872267113921  12.2871917627496092
O    3.4668950341416083  5.4715945626100115  9.8231514346038935
O    3.1279596181054758  24.3313849552415249  10.3948583169936732
O    1.0199274851677993  24.8175015526106932  10.7888633888140220
O    0.3478093929469162  25.4246729761364740  12.2450349922914672
O    2.5255582639761758  24.5614736838765211  10.9661772594482514
O    1.4508286606929843  25.4845887097331598  11.1770103058320434
O    -0.6154896222161312  26.7223328929505968  12.2020874088933748
O    -0.4209949843153304  24.6584083283828441  14.0039066733542708
Zr    -3.3352645104089360  3.1105394502336212  -4.5465203786636597
Zr    -3.9200500686063249  1.2235135038461213  -3.8315270324706052
Zr    -2.3201767027795528  1.1486847700726606  -4.3587543533470461
Zr    -2.6267201675433665  1.1061910766753862  -4.3514271066967547
O    -2.4727702467848811  0.6078761935450328  -5.4032760799320432
O    15.9647727326835316  3.0235287585350585  -3.2638859404254341
O    -2.4756459843272101  0.8644737610261152  -3.7674303787648764
O    -3.5578181828840290  2.8387669801510795  -4.5955167592993966
O    -3.0012816636087676  1.6862527530377154  -4.8253927519647499
O    -3.4308521690399516  1.0558719563330321  -4.7901998427941885
O    -0.8705353737824355  0.7759211544765321  -5.5627820142474826
O    -2.4373462174143645  2.5537927765720929  -4.9953554478458191
Zr    1.4134326589770563  -5.8419625760593101  11.3692212789133063
Zr    0.7896126994533041  -7.9655211992520254  12.0257284305276091
Zr    1.2598791013119790  -6.6844527200254831  10.8556821805580874
Zr    2.3152699842023852  -7.4271956380671726  11.6043092410126931
O    1.9212647672483500  -6.6550948756849637  11.3147019239844688
O    1.2889815951356702  -6.4308900066958499  12.9175446928388400
O    2.2633505516538390  -7.0749912404553168  11.3361815038046174
O    0.4736815697539560  -8.2042106453937755  11.0546114901063106
O    0.3066044555729928  -9.7423534108964418  11.6215335114886926
O    1.3247366024615994  -7.1437406762020199  10.6112035219322678
O    0.3259783515954942  -6.8975254245138311  11.0161595812226416
O    1.4587310302355982  -6.8422233682112479  11.5238856353312435
Zr    2.7286283601029977  -1.3151037542859860  4.6483089024651729
Zr    3.5453378633774113  -1.8558077924985645  4.5209897548486335
Zr    3.4876690134038038  -1.3688302116230990  2.9162017763005625
Zr    3.5387737466380207  -1.8669541140641150  4.0185577865235356
O    3.6629841668624827  -2.0963013455443695  2.0752000714085828
O    3.1071066904272522  -0.0870700457559536  4.9455471472304495
O    3.6287534880489973  -2.2905575721425393  4.5850736021223160
O    3.5210940751569986  -0.7222307435499985  3.7685234822209335
O    3.8170037496995635  -0.0250120673800661  3.9590732842324723
O    3.8168325888501613  -2.4548958610805816  4.3017128046017863
O    3.7071194638549896  -2.9831706092152031  3.6541350587260446
O    3.6938449776031277  -0.7853043453431751  4.5140271031642563
Zr    -2.7181530681784438  5.8074369094950740  16.5917788645211886
Zr    -2.1675123438707371  6.8033476373336628  17.7075473872399911
Zr    -2.7044969907800280  6.4838341200032925  16.6767900647696123
Zr    -1.4008335808282890  6.6031566663870773  17.8549366135113594
O    -0.7313429423300479  5.8397380969725852  16.8423461709498667
O    -1.2733367110063929  5.9294542731625439  16.8916029925470426
O    -1.6845002234002786  5.9866211661361843  18.1192936851274382
O    -1.7463641010813222  6.4035350516865330  18.9098711938823314
O    -0.9057967963214986  5.2583041969950246  16.4806114103170884
O    -1.9776867431609197  5.9025208911252500  16.9357769540096221
O    -2.4336549297662691  5.2405696837231837  16.5592788245013693
O    -2.2220576514856947  5.9545605606392176  17.5201703389894057
Zr    12.7963605712195072  13.2914442706598273  1.2466343242916051
Zr    12.3963634955511726  12.7598685646757808  1.7928817125968965
Zr    13.1734840961707835  12.9606583237831572  1.6158849507540800
Zr    13.8732272708346329  12.4565927307910354  2.0947163195724317
O    13.3272895299299527  12.8645794579065242  1.8363360739064554
O    13.6940495820794705  12.2716827296384405  3.0996609399853852
O    13.8192261131932774  13.3019172248498272  2.5807530964051608
O    11.2705149759782994  13.9173910887993664  2.3052334303397797
O    13.9481849680741519  12.3163775698573197  3.4052431220831840
O    11.3566654299219358  13.9496078640123429  1.5651018617592931
O    10.2423087045117178  14.4820293731447585  1.6346577874081847
O    12.7543790195557847  13.7441422257819887  1.4888300132790300
Zr    7.8177421245951360  -2.0024342121274650  14.3472939450870811
Zr    7.7221057361856582  -1.4564051177720865  15.3662490950028321
Zr    9.0372336859214730  -1.6362345192648924  14.5608360110419888
Zr    6.1025907328224660  -1.8268253012071405  14.0707059987911531
O    7.8681551067994189  -3.2155445171759744  12.8778194190033801
O    10.7103782956474305  -3.5140448846941741  15.0269353351983366
O    6.6643457114579352  -3.4079929995639207  16.2283961700232169
O    7.4460310989141876  -2.5364705861463177  14.6760654309427210
O    9.4829260970282991  -2.6690637705540743  13.7430792568329352
O    8.2985614004473973  -2.8950821284568002  13.2707753218255906
O    8.0115438695001089  -3.0080571616946443  14.3620351518006348
O    7.6682154677441767  -0.7890663826706863  14.0750160928734118
Zr    2.4239872618883895  6.7661236719903819  5.7564494659333025
Zr    1.4279506963198054  4.5916496448579815  6.0265183757571119
Zr    2.1496310087532473  6.6486850527553489  5.3695765344572504
Zr    2.8670941511155368  5.5153569060094298  7.3592371385626638
O    1.7735245434048501  5.3910337592389013  5.9747475599743414
O    2.6926644830466939  3.8351509024081061  5.4357539928627112
O    3.4164852891842861  4.1375410804689947  6.3613463273700752
O    1.4209286346231096  6.6836700535049589  4.3411066004436112
O    2.5780031328185151  6.0276970518220780  4.8467594287289213
O    0.9016344909527394  3.8262525585870355  3.4540530495228321
O    0.3525086630070917  7.3731732876617855  7.2540398621542579
O    0.5022686677208128  5.5244177455627881  5.8087563105731235
Zr    1.7327835080314704  12.5669703574514759  5.4579154262209535
Zr    1.4222369811348299  12.4159618005738999  6.3255374502727975
Zr    -1.2610635791916711  11.9002726874671225  26.0338503077026004
Zr    -2.6242658595466626  11.7214049662451849  26.8002343798664526
O    1.9209450419470826  11.8943150314500308  6.3802759144516479
O    -1.6631991715047816  12.6438211008582009  26.6102945941463425
O    1.8205656426076555  11.5666681812199528  6.5943634734158501
O    -1.6923294850944930  12.5522086109366438  24.9933547305778809
O    1.6272036857964449  12.6298855662056919  6.7141704260533253
O    0.3763269426345186  13.5092559775044947  26.1086269830484241
O    -1.3742064948122037  10.7628456424878838  25.5940766223845948
O    -0.7172597237124623  11.6826850840140732  26.0767659565327179
Zr    16.2682704802558042  1.3215238530722484  -7.0590723489643477
Zr    16.8517261516898742  0.9342604983388796  -6.4430597977163249
Zr    16.5098781021120580  0.7140925242686844  -6.4877683786595020
Zr    16.3427852596330148  1.2932590942162410  -7.1036722540658088
O    16.4417091135779039  0.7199664982061424  -6.8029769539141238
O    -2.7807396072008919  0.8658466382118934  -5.6058253109495269
O    -3.3099131018623158  0.9696591459159123  -6.5785262358823129
O    -2.9363275894970062  1.5310889005830344  -6.8646373396864178
O    15.6883186935437848  0.7752105611726439  -5.3842863159120311
O    -2.7613931642661349  21.1127539389032961  -6.7866851591161987
O    -2.9587907725715610  20.9832905912027243  -6.0414945353036282
O    16.5731852959400356  1.0067529286733912  -6.1171613172225516
Zr    10.7118941523328797  18.3444570393222470  -3.2397182116984560
Zr    12.6343936599788549  19.2171121718769449  -3.3624607926497161
Zr    8.9869478208913129  17.8563007854735076  15.2918131612405084
Zr    9.7146350791683886  18.3183884258017216  15.9988911979277191
O    11.7197508084156219  17.6950464573033557  -4.5570621257278274
O    13.3339833173295474  18.2307679244157370  -1.9613077916143506
O    12.1002431186036645  16.8350790635908041  -3.8772323936035766
O    10.5425336564603036  18.2760793969907738  -2.5950418402977435
O    11.6637840388195979  19.1509251551582054  -4.2033993871077842
O    12.1161435413130150  18.1987819857127953  -2.9394207623734019
O    9.8578595553626656  18.7314622351395812  -2.5114082510556788
O    11.6688837120454778  18.7988902053961588  -2.6486136259589292
Zr    -5.3088055631670521  2.9867604572467084  20.3412039874116140
Zr    -6.2101006979241227  3.1840275838762686  19.8052067374662073
Zr    -5.9702929522140007  2.8921901162230466  19.3930055458957327
Zr    -3.7949587494681198  2.9574670897174560  20.2369519266625204
O    -4.9195290368039997  4.4800891182518843  19.8757980314909730
O    -4.1234077617410705  2.1273351285006310  19.6053851357291649
O    -4.4780705250876931  3.9685229057691451  20.8793058324739071
O    -5.1878736976442168  3.4691043708682319  19.6513665479160906
O    -6.7084397133136875  3.2572485958979218  20.8596182645832613
O    -5.1744799164565984  3.8122087354543908  19.3147238755760640
O    -6.4076952662513804  4.3708994963977652  20.6833231154727599
O    -2.2201097466505537  3.4816452474024775  0.9995131977520693
Zr    3.9193072025134414  18.8166210245380370  15.7046843710209529
Zr    2.8352030823286771  18.6103570794818900  16.3523950054418350
Zr    3.9691101766457253  18.5970409648706969  16.5463855311421604
Zr    4.6656395517771978  18.0024134410905461  17.4101399420566807
O    6.0863572014427714  19.1086168063563626  14.4491223559833397
O    5.2623048234831042  16.5632368000729215  14.7877924297630035
O    3.4637162285085017  17.7518469476196756  17.9171148575665526
O    4.2480823671626649  18.8270443281920272  16.8552857569914210
O    3.4214679978243048  17.5935296643243007  17.4957618417594460
O    3.0611353231590623  18.3698537728334514  15.7273137129073124
O    2.3284409964651127  18.1683554410474173  16.1131004389446346
O    1.8393963073044783  17.5662871753439944  15.9001355170282022
Zr    13.0021300129088981  17.3968942355701550  0.2202448887856023
Zr    12.8568478411899765  16.3379241180499974  1.9431613058165738
Zr    13.1150385356524097  15.8174200206663116  0.6766288965664120
Zr    13.6220207311226211  13.6648025375972964  0.5872566003737567
O    12.5157683496114238  14.7334778433972051  2.2780856005432994
O    11.8230404485862195  17.0433951103407679  2.3258488482700996
O    11.5551210153072965  16.1927367461404437  -0.3569419473932844
O    14.8852514726256651  15.2256874111292611  1.9093018313422907
O    13.2289565227402015  14.1282988309944013  1.2244624966085105
O    13.3245765395669409  17.8718215333965205  1.3022052108851336
O    15.4837306699901571  13.6267302249997435  -1.4666144358013424
O    12.7376253451429093  15.9083699352654513  0.7371000119589034
Zr    2.2654730746865468  18.6131855012962042  -2.7238961287426342
Zr    2.9139675196135979  18.6289284792378353  -0.6787692122798239
Zr    2.7864453917720375  19.0550127506156102  -1.6308390302408293
Zr    3.3328044631391203  19.3168593140309923  -2.4396876596741031
O    2.1496613671067761  18.1113239974950702  -0.8065715985164728
O    3.2819721935777899  19.9567188481509916  -0.0545383309809129
O    2.4903128994072548  20.0923361125084732  -0.4755960263864010
O    3.4014619067776470  18.3506526640141985  -0.4707700249286875
O    2.5292492474784893  17.3372961964782419  -1.6808198052916312
O    2.9675897140957685  20.5005372711773965  -1.4163281215174663
O    2.1659844849663523  17.6503765114759297  -2.8664539214486009
O    3.4867803078015056  20.4187227016161295  -0.9909609054633952
Zr    -4.3793349298581541  8.7520761333117605  16.5589061493424090
Zr    -3.8293788777884616  8.7526842859864047  17.6658839593208086
Zr    -3.1471029689867356  8.1337886611738242  17.3472422129775410
Zr    -3.6558160146018688  7.1780083493049602  17.0323745455743421
O    -3.8593310149462168  6.4950378082680658  17.1665985353352113
O    -2.6931821087442929  9.1528441240837353  16.6868515666949548
O    -3.4970614728205134  8.6416902274466079  17.5108013334714414
O    -4.0241660164421624  7.9004096389551748  16.1550815771301828
O    -3.2132423585612750  7.3868570074730648  17.0606376720678341
O    -3.1183240437357771  8.8888476743335758  16.3496947641300139
O    -1.9828548937784212  6.3892128762517792  14.1055918696995697
O    -3.9303230361854418  9.7306677647082438  15.1752372420148660
Zr    -1.8416133473171183  9.1026045464949057  15.7173743723824284
Zr    -2.8681515515702629  9.4208372861387488  15.9540961293435828
Zr    -2.4144355623732410  8.7321542904016312  16.4766046914584372
Zr    -2.7467377567637463  8.3890588806529429  16.6456223520245956
O    -3.1823331955566760  6.6866234149112884  17.3698147019021718
O    -3.5020309452814482  11.5625408207952969  18.7268864357624523
O    -4.3299582913087962  9.9858086206449794  17.5847980426007950
O    -3.2156588379531263  9.3485826168740509  15.1200741492188389
O    -3.2667246951516842  7.9555831945825481  17.6205570370837350
O    -1.5085416021949136  8.6952775560659390  15.3686716443151727
O    -3.2012001194191297  9.2385377662962718  16.0684507976765758
O    -2.2036867406968592  11.7014729256676784  14.1753787531480810
Zr    15.3919059776193183  -8.4520262321434636  -1.5240713410904361
Zr    14.7886476929990724  -9.4010336186766299  -1.7045427890989382
Zr    14.6396813439419091  -9.5120467870881313  -0.8943724355919596
Zr    16.5440963541592865  -10.1113457342032476  0.3314454338821395
O    15.0087513897841340  9.7245347633196673  -1.0948232141534830
O    15.4502509375871746  -9.2272866181517053  -0.4670600285450180
O    15.7035985990687532  -9.3467515302715594  -0.2270069584970931
O    16.3595628694246429  -7.8014266896126720  -2.3755779886318376
O    15.0874679610616802  -9.6221724665552522  -1.5784481599619458
O    13.2215707215191003  -8.7260676756824456  -4.3249391182892998
O    15.7496728243447706  9.6848643101239364  -2.1106317738617668
O    14.2042808617893819  -9.4994319020365374  -2.3076444920726300
Zr    6.9124228467183348  7.5686140824022052  0.8774483989764992
Zr    7.9686736616738587  6.5491734726950455  1.0977810699890265
Zr    8.5866356852726877  7.4968507577860315  0.6000705755597275
Zr    8.5274564677337885  5.9662374958857987  0.2362504734753159
O    8.3429242807642616  5.2038695551228313  1.0995206515889082
O    9.4185096899044289  5.5967538979307960  1.3750429674950198
O    8.7888221136062157  7.8251158247953398  0.6131607096831297
O    9.3604945075776769  6.1344935095709925  1.9114910248210757
O    9.6721873326340972  7.9208759242508791  1.2826985668539992
O    6.8269086862357762  7.1598880659355197  1.1441345823273394
O    7.8346677463774119  5.9069838473555878  0.0462986442745574
O    7.6078433096032230  6.5302176913480299  1.0970594808962195
Zr    9.1353661601501326  0.4061035775907389  1.6678064856037160
Zr    8.5222019631138028  0.0168160930230904  2.7469838592644322
Zr    9.5604355506816550  0.7741053575917358  1.2460440876612502
Zr    9.3446644748057519  -0.7358004219340770  1.4638818281061390
O    11.1021424334595213  1.7333081673838333  1.2228087223087520
O    8.7894125427531460  1.5750492677519936  1.9661598249356924
O    8.2294607096140311  -0.2957846911251246  2.8652030941934576
O    7.9491908064918144  1.6148239928358872  1.9118168248148528
O    10.6181330244870722  1.1107829519529737  0.9920347431437726
O    9.2886679816826181  -0.2535704878971536  0.3838159522064046
O    7.1450738497159305  1.6432078611505279  2.9196281989414086
O    9.0903317200954508  1.8473572914289220  2.4431953468511889
Zr    1.8514040726540122  6.4598205982223575  18.0350745313310092
Zr    2.6851014115396046  5.5421380806832703  19.8042007338606147
Zr    3.9177952667127185  6.1251831695745445  18.7094658114072061
Zr    1.5550059086483943  4.6326431020684868  19.3422407834486307
O    2.7055022006825391  6.2853244355919085  18.6157927857772165
O    0.5062494104936386  7.8260152377466596  20.8492132214512296
O    0.1233276929762708  5.3450980885182044  18.6430110257779518
O    1.7280203786819550  6.9562046335167640  18.9814384794722883
O    1.1848908610112039  6.2802078517968845  17.3547098711623846
O    2.8015728994609033  6.0780363604902528  18.2838983891223705
O    1.6709885154159458  6.1489292965276903  19.9096191400995828
O    0.0545432905861691  6.0085885512342392  19.8375561812502887
Zr    11.6907647332418918  -3.9733078345347224  2.0481044856433295
Zr    11.2172486200645967  -2.8299113640859348  1.9828861623667988
Zr    11.5518024806124462  15.9827903516069583  1.0132592130064193
Zr    11.7483157776618370  -4.6748090268096405  2.0135151529019346
O    11.1648250792292441  -3.8986480631484746  0.4463349820176294
O    13.2333711919496260  14.2085772520554645  0.8330055721768347
O    12.5909302983160316  -3.3833532838043689  1.1036251172983831
O    10.5219987896592393  -4.0120865990979970  1.2725015073062573
O    11.5305775683334915  -3.6347589267230829  1.6496202854424027
O    10.7822827996096411  -4.1394333113079762  1.7066849778662163
O    10.6156313392461392  -3.3521768921162085  1.6927802566964945
O    10.4118964517686621  14.2079327460021005  4.7854524470310871
Zr    7.5465838419375375  16.1280545482938287  14.5757289892876347
Zr    8.5306615078292332  -4.0342642936190503  15.5953240459202185
Zr    9.0569464146951937  15.8589199311770059  15.6742830875690942
Zr    8.0821464715883273  -3.9736941724173960  15.9541616246639268
O    12.2230058374377304  14.6238623444053921  -3.6009899593657435
O    12.3221727194258257  -3.8962643507002870  -3.2611870734676973
O    8.7608217249249201  -4.7810425553983160  16.2042867744890664
O    9.0142049420523342  -3.3841517584979135  16.0038094702028353
O    11.5770102932037666  -3.0262698507043018  -4.5551824629060045
O    8.7845937486936823  15.3116770185165016  14.9819886809223526
O    8.9709755503702819  15.7967813842347429  14.7927930539019616
O    7.0146843049445513  -3.0146826483429301  16.0103494306596446
Zr    -1.1044994015560299  15.0187090306985098  13.4457517174624037
Zr    -0.2647015727392006  13.6378606039149588  13.8532603514457779
Zr    -0.5401847792292127  14.2482132969907109  12.1332807529961269
Zr    -0.3664277374365952  14.3006826294616616  14.1088709023771131
O    -1.2723091197438769  13.3454584984663303  13.9405625422972363
O    18.8548727217989054  15.6893975902885146  14.3216040970150420
O    -0.8301062331805191  15.1823154025642530  13.1464983710163903
O    -1.2166149223772464  14.2673349044979965  14.0238830133961834
O    -0.2874001576780749  15.0764909310782222  13.2339527791897886
O    -1.3053756741429208  14.6969995139521821  13.2833490342398370
O    17.8706046486754104  15.6036529503391321  14.3939182041626701
O    -0.8060979860692719  15.0998837455236128  14.4469263696099581
Zr    13.1265898124417077  0.9103010185678944  9.4049969682554302
Zr    13.0170915067641957  0.6055637891900956  9.8848327326796053
Zr    13.9385687396161071  0.4711097923199414  8.5456888128062314
Zr    13.4100732496581969  -0.1638249387328958  8.9996288824642789
O    14.5073575171079963  0.2726475704992364  7.2341718344378361
O    13.8203455312486660  -1.2542964363723375  7.7146838977950480
O    13.2911267965920210  0.5759188858311939  9.0074305305306233
O    14.0489301029684412  -0.0243636385412271  8.4324200137611989
O    15.8280309009266134  -0.1918643989979101  9.8076225247834365
O    13.6724137091089499  0.7420797953677587  8.5743388545977037
O    14.5819552991116836  0.8767550626528795  8.5030214546079073
O    12.5153240432109616  -0.2628194068318592  9.2722848726956784
Zr    9.0883263370933687  14.3747273766536807  -8.3109193331871225
Zr    7.8834430403363696  14.0434594354821414  -7.2722601844180774
Zr    8.0729782837153756  15.4256601982893713  -9.1052046656095147
Zr    9.7046078473491164  14.9033145767082829  -8.5538008980135718
O    7.7600233199834721  12.8469112605884384  -8.5509805721236596
O    8.6900304486124718  14.1214122699383964  -9.3543651748188132
O    7.8701981173031887  14.4310173942628950  -8.7080888062002266
O    9.8539318146994930  14.4909474430541430  -7.8003721352267927
O    7.6019619747841132  14.2439094672165929  -9.3210354558967889
O    8.9178839451380654  15.8132360769160272  -8.8741752703736179
O    9.2121709225697010  14.1361686750445177  -9.3098200548893644
O    6.9901437619081550  13.6641017784554855  -9.0736112486346663
Zr    12.5605201576751533  10.6047006288306207  8.6731914634716532
Zr    12.2293002365653702  9.9848682483802698  9.2127268773115194
Zr    13.8202141974349821  9.6355099084206230  9.1180250197760149
Zr    12.7469662062864231  10.0922856706870316  9.6885974779015225
O    14.6752434731561117  9.3188840035687512  8.4711470873356642
O    12.5234288335508257  9.9876243573458723  8.9289677414237616
O    14.7959782511703200  9.4572782474207848  9.8836263965046793
O    13.3446074631602301  9.7054401449710550  8.8699981113261259
O    13.0294182317493448  10.3924895506663457  8.7252650380125480
O    13.3833452420811767  9.8909700264355305  8.3520098966518379
O    12.0564476866089763  9.6967670176227205  9.4756582323879588
O    12.6475079659531175  10.4053882641650883  10.4879609357508983
Zr    15.5852034428497426  4.9282483890973641  5.6455153773211055
Zr    16.3232532240558008  5.5178075005817444  7.0326888604389985
Zr    15.7319273821992418  4.4841849955612911  6.2553565113487295
Zr    16.9427965642605258  4.2718696772533189  6.8717699993799464
O    15.0970852932577522  2.4033948424684528  7.6164644987595320
O    14.6014266237776695  7.1563765398875265  9.2834503715929344
O    15.9595670867278834  4.5175393746786732  7.3914157991162366
O    15.8405183017163864  5.5973977348808059  6.8529958542173475
O    15.8927506168956363  3.8555947116943710  6.5932896300862271
O    15.5981619692049733  4.0897985414661946  5.6527648940507795
O    17.7575527112172118  3.5531218883098710  5.6981909899638428
O    16.9588018897458213  4.0330728449849769  6.2415705623881443
Zr    16.8680867259656253  4.9578638695894224  12.6452640898125246
Zr    16.0131557437354211  4.9108228302922896  12.4925783021750991
Zr    17.0748984512540929  3.1883987266003100  11.2937838760268701
Zr    16.6258751961009921  2.9007918954394274  12.0866529292242966
O    15.4262112947940118  3.0698822541441242  12.1609964433362894
O    18.5286674888886367  2.5408452674403872  12.5953354996813189
O    14.6197167607933665  3.6776697670919027  12.0267432890940729
O    16.9345438467586114  4.9680474796851666  12.3125310800875454
O    16.1750606156572196  3.8315923596168044  11.8568571751093224
O    16.5161009099493015  3.4465035967726934  11.6316097017708504
O    15.9000070575037924  4.6265038300923891  11.4653886621916303
O    16.1884707128144711  4.2093960435175308  13.0874407355499276
Zr    2.0875096488574982  7.1117653781981112  9.1375741326547981
Zr    2.0523032726053625  7.0851290749480036  9.2091192139812659
Zr    3.1414555723244115  26.2476257700224593  8.3471337312109259
Zr    2.8810798187076223  5.8066681928250858  8.9423270838456936
O    1.6559833136708733  6.1091774423067093  8.3818067578529316
O    3.2242117315891550  26.2282197421664449  7.7495948880982537
O    2.2573297735229616  24.9609296832723402  7.8353933034695160
O    0.6251257158133683  6.5388675150837088  8.0048910588364848
O    2.1859842497811677  7.4472421239549540  8.6684533041619662
O    0.3208734718084774  26.6742125202154483  9.1671415931992506
O    0.8704187147502029  7.6134328984740165  9.5095994134998776
O    0.8038424986252686  26.7889461750478652  8.8520154517197369
Zr    10.7983911078459531  23.6056556647612652  13.2918093590930368
Zr    11.7795878235758629  23.5664265633878287  14.1113389726337743
Zr    11.7332698168146443  23.1701350077483568  13.4451360011489065
Zr    11.8366678282609925  22.8316974004286841  13.7501806904419563
O    10.0529732142859700  22.3075742453681016  12.3919068119501290
O    12.4009063918419873  22.1639121136283457  12.4124282550138858
O    10.3483336061912361  22.5926979209784591  13.0524951062295465
O    10.6009006672014028  24.5281469689718747  13.9690373869341045
O    10.6407908069236630  23.1307658782115766  13.3157776681115543
O    11.3718668080359020  22.9761755994921728  13.1382914421381845
O    10.9061673111149879  21.8985685360206048  11.2616387846031891
O    10.0092104665993844  23.0314653694346987  12.2595503046944785
Zr    4.6483574446524818  22.2824418250987506  7.4830056854108378
Zr    4.2317215188602271  23.4670842205702144  8.0173719218778192
Zr    3.8923823006813096  22.6671547431921176  7.5855845958676280
Zr    4.9602904300091675  22.7552508708414365  8.6936385554057747
O    6.1850097046938766  22.4311206695167478  6.5940838537991269
O    4.4371237451309211  22.9586363246592811  8.8009971362566031
O    4.2510897335173334  21.9898840454723938  8.4003142167584848
O    4.5218614172260478  23.2899703262235178  8.5783460970079464
O    5.0901175968505852  22.2442419957740505  8.2321008350835516
O    6.0615601848383323  22.7775231011338093  8.5915857345096267
O    4.6884187174412526  22.4424730976855500  7.2949263348310893
O    4.1602548435327238  22.0805882226473074  7.8804070649395328
Zr    10.2248521761038482  7.8908952349195367  11.3530649933263987
Zr    9.7256387743298855  6.5206973028154955  13.1212477181749527
Zr    9.7316093818988172  7.6075202653175573  13.6210399238015825
Zr    10.5778867538197403  7.3301756191792471  13.6011670934026689
O    8.4793102505479840  6.0316307385476229  13.3304242891546387
O    10.6479518767533818  6.2667228654205616  13.3479355152085368
O    9.5080598591866146  6.3131143496741071  13.2493070543271205
O    9.5027383018139364  8.5534226761706691  13.5485218108507013
O    9.6145771119779564  6.9767225446915972  12.6103848348247336
O    8.8614351080565044  6.1957632384274142  13.5479197253353743
O    8.7382823621749459  7.2896998570925469  13.1021664904417179
O    9.4008440712567474  8.0311507327245408  13.7030824649259895
Zr    16.4895757209226410  -1.8881015771369032  -7.1951285759860681
Zr    16.5550441249529108  -0.7448011293090705  -7.0597483449490923
Zr    17.1308883959466698  -1.4978137458788034  -8.0141714460353413
Zr    16.7490907064050525  -0.5880021942576146  -8.7800808504509966
O    15.6146153685080300  -3.0999619667369105  -7.0488449537928659
O    16.7231485908677548  -1.4964113729455122  -6.2648255187780091
O    16.0748238638416510  -2.0307640842119881  -6.7198720364329629
O    16.3508483932500397  -1.3298353094628763  -8.6835256854465577
O    16.3395100402980056  -2.1107464581151554  -8.2113323249907815
O    15.9872227234335451  -1.9342579478410311  -8.9587513896793389
O    15.7865869777304653  -1.8066221711532500  -8.0024204786744786
O    16.8179498160158616  0.7201590658080897  -8.7010027191001207
Zr    21.3552318003671822  -8.6498075108320123  -1.5745045281205918
Zr    22.1584055793997585  -7.3527090265914747  -1.8864965574644712
Zr    21.8988125177371593  -9.2239554042214316  -2.6049879907283584
Zr    22.7558145795018092  -8.2971806535922390  -2.7881552975184185
O    21.4012461007211350  -9.7182444525081948  -2.1426277757956411
O    22.4497504149963447  -7.9153530799092122  -1.2651713607042172
O    23.0049580760958996  -8.1460735433677645  -2.4996128944878526
O    20.7676746610683338  -7.7038348310020623  -2.5421169372970391
O    21.4869359351407461  -7.9621954521533489  -2.7876433251900332
O    21.7051528058962369  -8.2003001008862189  -2.5507912538273985
O    20.9765359980770718  -9.6587131533371622  -2.8414744711907343
O    20.7751875624625271  -7.6597732369824891  -1.6544277306049855
Zr    10.9110655154957783  -1.3269985469006851  13.0151943787579274
Zr    10.7615501468878385  -1.7845060915699125  13.4276929724076268
Zr    10.5525091694988120  -1.3078558589929075  13.3709442290331566
Zr    10.8773144322304773  -1.2664982510121259  13.6320662744872330
O    10.4897429096466936  -1.9962522231845028  12.2972813863490238
O    11.7858668904813797  -1.7031612977635018  13.3716503756836005
O    10.9481375434512884  -1.8864811220114728  13.9828977735949529
O    11.0186353185553543  -1.1861177003701209  13.2414821610547744
O    11.6264821942302632  -1.4490851424571627  13.1825545182638120
O    11.7321465283098227  -1.8975510562898705  13.5423873908320456
O    10.5975803959996391  -2.0352330598883048  13.2345253121501614
O    10.5225365291803463  -2.2457722696091822  15.2197837411946058
Zr    23.0020480089490036  7.5941707761536223  11.0012602764912035
Zr    24.0229193202593123  6.7314201150536137  11.5862093096670655
Zr    22.6059317450155568  7.5357769829637995  11.0304619519819092
Zr    3.8980758807541172  5.0286919455236117  12.4173647639169289
O    22.5123209870299803  4.0293409525704158  12.2098726424096053
O    24.6160913620762045  5.6148482674969227  11.8628286162600869
O    22.9658886309837840  6.4856913515093044  12.7388329211532145
O    4.1472307703127669  6.7667480483501983  11.1643085297060072
O    23.4978794566234548  5.1140875245669841  12.8566152081785070
O    23.9491100287005629  7.7958769608940104  9.9221441736741216
O    24.0251685945357991  3.6980402720321202  9.0104103415126247
O    3.7904875369124760  7.4735392834940333  9.4148841110937767
Zr    16.0220149721231415  2.1942607508665901  8.2063167423419223
Zr    17.3606437933172373  -0.1987553548595686  8.6114625953795905
Zr    18.0453131303066776  0.5058669500729600  8.1364116664878772
Zr    16.8960708256002619  -0.7345457912851323  8.4633397226608853
O    17.3285573056932236  -0.0431635889863724  8.1229217847235624
O    18.1062019766133133  0.3761881354814509  8.8625709770308916
O    16.0853461447946735  0.0879123346773261  8.4629377234326792
O    17.4864078151630657  1.9309328410825879  6.5555717268360061
O    18.1690548288168188  1.6360937118170495  9.0397334582618356
O    16.9798971750168590  0.5376439461554741  6.1458207772830979
O    17.4719742517970893  0.7554946881293709  6.8336926416496482
O    17.2173139058149083  0.6364720162990576  8.3729515193274615
Zr    20.5969795838630425  11.0446395162740352  2.1821775616434049
Zr    22.2009395430848642  8.6917962427189046  1.2638482625792120
Zr    21.4077371830921592  9.2501312921563716  -0.0111411707242057
Zr    22.7782763459242439  8.6439135991152316  2.4462058266886935
O    22.9072862932660541  11.1366211331167513  0.5071228670259531
O    21.3434439833917082  9.7803758780456036  1.4367162147335861
O    20.9075834503466069  9.1649202307314610  2.1830323266728984
O    21.8266707379748368  10.1068289999499967  1.4332082132289612
O    20.7054971426211623  10.3157752458738159  2.3406342359059105
O    21.8040170166950844  8.8000388576232851  1.9473338934901889
O    20.7852776223253954  12.0625987552434566  1.3445591637054406
O    21.8923638128617881  10.5546274454318034  2.0731689399964219
Zr    22.0793808337286599  -2.4301907761684909  13.1502971541905325
Zr    3.3656132668431962  -3.7708060972941349  13.0543549620034458
Zr    23.9282685766288523  -3.7953792322188313  12.8223565009980884
Zr    24.0977917601321892  -5.0454661908270744  13.3470644506914162
O    23.1953823111816462  -3.7170848440170907  11.3105716998807058
O    5.2350173806271378  -4.3200175806839898  12.8604770210574575
O    23.2828044850166407  -3.9316894699939029  15.4543821143154609
O    23.5660194962041984  -3.0977697483288180  13.7993888480899045
O    4.7785479219335389  -4.1651296247614225  13.6482958741111204
O    23.6149793965459551  -3.0593860305280325  13.6345489213417537
O    22.8073232028347874  -2.1107481100457441  15.2452634300224439
O    21.3057509409815680  14.8734060102578791  14.5484181758486883
Zr    15.1478460812818518  -0.5792890744116939  18.4556915725485382
Zr    14.0299891872388507  1.4131465329769872  18.2300982869635888
Zr    15.0191399841939397  -1.4150399754632161  18.4544039055196833
Zr    13.9132241391864877  0.2374932285568274  19.8900891728799358
O    17.6264879616055445  1.6474451150738840  17.9765739931204891
O    14.4161148964869241  -0.8498519440554002  18.8208665373714332
O    16.2608158955144546  -0.8060269127815696  18.5784877173898586
O    14.9045775024863367  0.6306707342566691  19.0718554705532277
O    14.3789086961972075  1.6419873501568611  17.7954571090300249
O    14.0425470246654989  -0.3929179557303053  18.3935190590189208
O    14.8527341189997646  -0.0524556819575643  19.1853398258362944
O    13.6867892899727206  -0.7163320306520831  20.8510573800687098
Zr    17.7206244833857696  19.3448048867749556  7.0737901923701454
Zr    18.5863825159662639  18.6374351803164728  8.4527643404985309
Zr    18.0913717359118209  17.8034250775239826  8.6231004399622382
Zr    19.1101209482662924  17.2935634347692400  8.6099933007174396
O    19.6857553971323398  19.3107423168261256  7.5175451270250946
O    20.3368249903665941  17.3790356157254493  8.4871409531717958
O    18.5027996452404508  17.2832126638612955  7.2435037601958099
O    17.6330569429359549  19.0394609370081902  8.4823985491111991
O    18.6987882497167845  18.9266016745587251  9.4545090089553891
O    18.9763329022329827  19.2635973752853786  8.1479933222064638
O    17.8901286314957275  18.6005063645068098  8.7286737239035315
O    16.4035579707074675  17.8011016712525389  10.5132558851282170
Zr    10.3932220859303399  4.2360526554539693  15.1817293328139531
Zr    11.3222807814948148  3.0452642651791848  13.8929908717899409
Zr    10.3738527438181052  3.2159592183019630  14.5500217820103686
Zr    11.6031337514487980  3.2001360161529444  14.0564581584320560
O    10.4933060695339044  2.9835478938311280  12.7472594752539550
O    11.4529876305654881  2.7790510987185630  12.5586720219098336
O    11.0110470790505488  3.0252085962545223  14.5720789567248659
O    11.1233989587595623  4.4591377312537706  13.4351975616520782
O    9.6391876335859727  3.5253294976066467  14.5628261681455164
O    10.2468445051128718  3.8027898719129922  13.2497578490796180
O    10.9845995506123053  3.1146253188733830  14.1323051419231778
O    11.3067187440136721  3.8757945515381191  13.5617540309346811
Zr    10.7361100365613389  13.2861741344818149  7.1952449417352256
Zr    10.0850100786381915  12.2112536369105023  6.7866741602169238
Zr    10.0111958364566327  13.0505652655453499  6.9725126365392374
Zr    11.0386483544076697  12.3182820244353017  7.8345164115080053
O    11.8849360636830745  15.3378750721710517  6.1720353982788101
O    11.7925356775634249  11.3853233299510812  6.8926137400981666
O    10.0411671127751880  11.6229106445482895  7.4531284999185399
O    9.1728778742752048  12.9770487766702871  6.4778896896302491
O    9.4795291027270601  13.0649958759010509  6.4238696073206700
O    11.9799580866956425  12.4671468085652979  7.6014777488183043
O    8.7254051972466158  14.9457285348977820  8.4778683935898442
O    10.3629718991561894  12.8263038244243379  9.5035027108228878
Zr    16.0060928555410200  3.8947384975739343  23.4251954130805444
Zr    15.1310914014037685  3.8195715261541316  23.4422323758761095
Zr    15.5260618462781466  4.7651490208503109  21.7370117212944329
Zr    16.2502308416765935  2.7803435198572846  23.1288275694196983
O    15.3354360785961266  2.0216707739310156  22.8019993332152673
O    16.7438320980428870  4.2520678320366319  22.4677858792041505
O    16.3401499329542581  4.6060533506868815  23.3009617448792277
O    13.1034739209046656  4.4493717542977773  22.0568257761194815
O    17.9588123741395975  2.9972014440604173  22.7674180881586459
O    17.3252985454887778  5.2300935328489082  21.7933557278181524
O    16.0611877040690452  2.9422678210185822  19.7325592427549736
O    15.5836819537430618  4.4798294649612220  22.0487933232613003
Zr    11.4125215488186669  8.9556608483467919  -4.0325983337146276
Zr    13.5667995167643944  9.0600743188789785  -2.4928739890466285
Zr    12.2481679319992125  9.3320571862682158  -2.9402866729082762
Zr    13.7501493450191852  9.2854297003622825  -3.3193075307581372
O    15.3190233121179133  9.7923801663739596  -2.0061045862330551
O    12.4834908619609344  10.2440288557533030  -2.0851524557907641
O    13.6745396079155093  9.3428663245560042  -2.7604615665147358
O    13.9392962004259573  9.2261570503964414  -3.2596932102374057
O    13.1787088325402770  9.8742635948737068  -2.5382928940124652
O    13.2165416917758094  9.4247635868488580  -3.7012031739220266
O    11.3819739844141097  10.1736364143668894  -1.9466087920367134
O    12.1235245220548080  9.4911205116017996  -1.4433013136214301
Zr    9.8090970214304001  11.1015945820584871  1.0147239970767945
Zr    11.0436333681833183  10.9006988666452180  1.6840447168508268
Zr    10.8639202833340711  11.1896897961569852  1.5776378621785101
Zr    11.5787992800244197  11.3495456346843007  0.4721942274791431
O    10.2164230100992448  9.4143842398239563  1.2338888733356024
O    10.1330305515308936  12.5216997273911286  1.6483343522489751
O    9.0215786263556303  9.2942578299940859  1.3294614249852978
O    10.1484143231434771  12.4466955590892958  1.2776567704310144
O    11.1781806134131614  11.9663374703094458  1.7470589428021670
O    10.7239314559892236  9.8155139733635544  0.3916653395865879
O    10.0355270027312926  9.5746279471511819  1.9006670299112702
O    9.3158762950087031  11.7181956926165221  1.7254684284181705
Zr    19.7006021586991622  19.8401954573583232  2.8534731773517557
Zr    18.8562295749594853  19.5528940989528977  3.2932504147005410
Zr    19.7629226022604669  19.0264856075529281  4.5422392293327469
Zr    19.4499467300705717  18.0892281539367588  3.9354498342862883
O    18.5220420036036053  18.8124318611728754  3.6163418925647051
O    19.3587461922352659  20.4693809155763837  3.5835766757123704
O    18.9277900370113095  19.0165568021820235  3.6410802358721384
O    20.1657796105107927  18.4053976769906313  3.5723499953314004
O    19.0372037832011713  18.3376655346034454  4.4503432259836124
O    18.5639670953087332  19.2253578175288453  2.5760495912937920
O    19.9591284815649779  20.0538553925554837  2.8308270039810264
O    19.6242328248310862  20.6287633660039447  3.1848228593153056
Zr    7.7439419125798805  14.5906988930994483  13.4764920280182530
Zr    8.4417865364593148  13.3178306616673989  13.4183703112472088
Zr    8.5632179012292156  14.8072852289903327  11.6591659489573765
Zr    9.7241465105785245  14.1072084122651393  13.0272106306667634
O    8.8928067793737888  12.7835445471957510  13.5893198714313748
O    8.7603791505924349  14.1032155803917849  13.6122133858664398
O    8.2706090217578776  13.6097612035746049  12.8630261195310016
O    10.1801135441939152  13.8135261202401765  13.5716862180616999
O    9.6486816572998109  12.8421752268973481  12.9351231728160911
O    6.4936250344442508  14.0684631708675809  13.2372614148231218
O    9.0277263427782586  13.7521673250339713  12.1335838594534575
O    8.9263897576026139  15.2521157811157746  12.3325048853528862
